0.765197686557966567378594213725627867973683543967633930552142190345949142669167607485114938375111131377035233549376875016376475955005251536781600652287
-0.00000000000000000000000000000000000000000000000000000000000000000000000000000000000000000000000000000000000000000000000000000000000000000000000000000012649345880115550636621477175025135788190495722682290092684495093117848141078920645171752614119125554501123679121898028064987986849502113312184535551
-0.229806969863800965723112309460295108817569220735008627622367345921118138483801760603693844773704776402670441734518547935563746205433550964509586810554
-0.000000000000000000000000000000000000000000000000000000000000000000000000000000000000000000000000000000000000000000000000000000000000000000000000000000101433433944322811708757128290295900188320012870565533762092649331605386036953608947131978509445818125716557804279370979766413102095064116182611841682
0.00495327792821991019068090685213496850928315089436896913449377634666791366102956716318726522342873979119743339410970861301606837863951006950213229735086
-0.0000000000000000000000000000000000000000000000000000000000000000000000000000000000000000000000000000000000000000000000000000000000000000000000000000000131266796869123638681920989552147635537825899008967161339178722664430499577234082166876678071047529339162604217302715385580064014475965326824556501001
-0.0000418766760047785408029474646123833552816346061859003635731276071217589799502596136587693223145831814841129202865528473030442723995271006489196442170008
-0.0000000000000000000000000000000000000000000000000000000000000000000000000000000000000000000000000000000000000000000000000000000000000000000000000000000441533771287052239202825146675405683172687114848344088140873885325811680396151003652221553511705325959001486912745497206042033503237337917500780957912
0.000000188446883452090014830546821727721642279532268543419418644854028207954321597993430028462494739146092692847699559455161635779266373770158107866055481861
-0.0000000000000000000000000000000000000000000000000000000000000000000000000000000000000000000000000000000000000000000000000000000000000000000000000000000936767595838745966957345243622144489974484824745811105920502702650708565164806859099983566234293732102205857368933014342548638648760298014157062302597
-0.000000000526123024737490652351706284726717764725916247937875937084617153974806235762446857298378149078861239873791419242506308583021685201482207901845171486522
-0.0000000000000000000000000000000000000000000000000000000000000000000000000000000000000000000000000000000000000000000000000000000000000000000000000000000590700585911056374068644452984664359920216545540352226026304251989937248097553369750945051319713882026231718977862219235110288065141843970710504254504
0.000000000000999943635889681078635868703325327250562544179731891110808485915447925123654160280273915567362831268166295718675313725945509152017771860388451638011658
-0.000000000000000000000000000000000000000000000000000000000000000000000000000000000000000000000000000000000000000000000000000000000000000000000000000000162890161569412515273474682489710475008302138315672886570889960397225119929931383779806059606345343225415413415107460455742533981599720610105017839878
-0.0000000000000013770816400088451963844816279502191719060157952741663655145446660709893315611086060493396881596271067514169603521716364265620264383938823400392075872
-0.000000000000000000000000000000000000000000000000000000000000000000000000000000000000000000000000000000000000000000000000000000000000000000000000000000247616912275846863877260048473369403400898854948733508889814408662448442384327927723881006361294203071602185228093758568253302572761480048328140672342
0.00000000000000000143727931736149859564167337526630478164201137333777362552085587222650393774869082110561478380186476905784816519805965202397695448167263749793165694696
-0.000000000000000000000000000000000000000000000000000000000000000000000000000000000000000000000000000000000000000000000000000000000000000000000000000000166470165120388614510254345841132683250242844652281081880140289197164133554765040566175423553737548571028938984670261784440172091085428755382051198996
-0.00000000000000000000117606891471915169255074558975739885418195098857324909607490789850010078865275529859332340750290934283925060518619433214567631918362751668449034619142
-0.00000000000000000000000000000000000000000000000000000000000000000000000000000000000000000000000000000000000000000000000000000000000000000000000000000014618347833152405216850292018307350321257884207816797512772175933084305634737431877674902785184838494588562742381438758848688947066641593214552883066
0.000000000000000000000000774700601704931559909653353561347452109485479125056652931227574440899520731313546389998948489919310818450605823762767176252174153952405634043362761607
-0.000000000000000000000000000000000000000000000000000000000000000000000000000000000000000000000000000000000000000000000000000000000000000000000000000000255970253894791095429745929626687889298760503067485964611398509195639474175606460225409522238542682211367078223740295001881124828228132387307885176952
-0.000000000000000000000000000419644791188755478501401598991338390858656240793572340484456513692589811294129124995805133233119365400250077686448406137483297252858748622424217856448
-0.000000000000000000000000000000000000000000000000000000000000000000000000000000000000000000000000000000000000000000000000000000000000000000000000000000250003581309830930035113157374317542228859325839805639095981294529074451467550365581460582326222339968677868941135626120718394645751952145179496245088
0.000000000000000000000000000000190221958654249880226726725556063827522105656121883418540916508305272786241921519530562385909812869255458097889502083003605480089711362151361881662683
-0.000000000000000000000000000000000000000000000000000000000000000000000000000000000000000000000000000000000000000000000000000000000000000000000000000000141410140263555919852796702381177225556657900296023714715387987597591038180929443061589875921992111151734259997730652483556705324685471738442817685169
-0.0000000000000000000000000000000000732165348883360605388297640193057723968084698168372701923364199749765751095762803642117397926161205683756786403640292464389823123501543271389581575611
-0.000000000000000000000000000000000000000000000000000000000000000000000000000000000000000000000000000000000000000000000000000000000000000000000000000000178403510290308945299519890345873377390045199107641732910974718530294178970877229854073303378378233056407357549879599546765632456037789239638829062724
0.0000000000000000000000000000000000000242272900483422483478565015191597787130168259411538907785664916624901870355065416281362995262293219384899079869527742945292883307790458828100106406566
-0.000000000000000000000000000000000000000000000000000000000000000000000000000000000000000000000000000000000000000000000000000000000000000000000000000000184966850133765127233615939823480759166936494058090090977933654663515703949738933962417137281930609523365487760744735316044635656761587505980056887774
-0.00000000000000000000000000000000000000000696573958850296594950293687432967959262201652415762263518615997457829930287880462357381001030393929094096365962430439332447223057570850409474121911373
-0.000000000000000000000000000000000000000000000000000000000000000000000000000000000000000000000000000000000000000000000000000000000000000000000000000000210623542249093838430536860508673251567511556137115490694227677729745301594380140931397578904908081166929087675944811505044375441409162547132129294788
0.00000000000000000000000000000000000000000000175633724447902948643780251426113738680892773304793829403178746319778241117384492793096075014676095014245081492816627711404903894508988768244935451319
-0.000000000000000000000000000000000000000000000000000000000000000000000000000000000000000000000000000000000000000000000000000000000000000000000000000000235086899847430516548531226743391674554106382770604825307438257862661894697410128971588232545421484361954845734623953917811569189561501539858523915429
-0.000000000000000000000000000000000000000000000000391510242027463957297213491439645997303358471514894744000717480160626847470634464923844454082373941592478592942657953032839024691153889282015352816208
-0.0000000000000000000000000000000000000000000000000000000000000000000000000000000000000000000000000000000000000000000000000000000000000000000000000000000847267507064343486037853659836589283925967166330606223189244482652233224543965439440749467549488598461867718129862981125107685911617594382231228324642
0.0000000000000000000000000000000000000000000000000000777106102678129392945085420845540136264490549470887300540320593389083238220920920960377292140098559853285623652824948901973013146808433441725778542349
-0.00000000000000000000000000000000000000000000000000000000000000000000000000000000000000000000000000000000000000000000000000000000000000000000000000000035979035687309797329635616681793192831504098682912362857965804439387086929578250703012107671291663723415931974106153353411263000331366860034185259138
-0.0000000000000000000000000000000000000000000000000000000138224659419432528322751612191958529139578802989681560386086865563032876428930273207507803835687358603188166038616730900618793511255458380755308045476
0.0000000000000000000000000000000000000000000000000000000000000000000000000000000000000000000000000000000000000000000000000000000000000000000000000000000727934055365140178145198214789182342527943621776999712880900189320932770382843546561770669303081753608083532477769603501853082262093989539663449687368
0.00000000000000000000000000000000000000000000000000000000000221583170225726537047630476158061869436257560597075919730047660052754415077303634236634587321104764078374977888691043097250522829903123717110732884293
0.000000000000000000000000000000000000000000000000000000000000000000000000000000000000000000000000000000000000000000000000000000000000000000000000000000334730332016265278638898523357976470621456042472866261414905742794297773921946909525535529081171199814864640754121924233229163236913711583402619077552
-0.000000000000000000000000000000000000000000000000000000000000000321785764744352258867559719687125621659625307044067019142115125606233273199303451919819620720712196451608966492327188173466733351292232866308491921994
0.000000000000000000000000000000000000000000000000000000000000000000000000000000000000000000000000000000000000000000000000000000000000000000000000000000221363552902022136140875850562939876293333675146940076621978664129562342468881111290505670747084697203769664384633215491137289769866286982963229372142
0.0000000000000000000000000000000000000000000000000000000000000000000425302510468342275183266168955079098136342828996112145090078359441725168144318431771720845651613892651777954761046158700668663182821326807562840864092
-0.000000000000000000000000000000000000000000000000000000000000000000000000000000000000000000000000000000000000000000000000000000000000000000000000000000732707393433108310460904432591078620183864563559143973293233961054184788549288422276929821232938027402234899903853338606783266408074933733366160832859
-0.00000000000000000000000000000000000000000000000000000000000000000000000513771840610650029120294688593917564535845147825385430854194901978778100403744649393630009122601490599189116917254172322195065379177286904627181881599
0.00000000000000000000000000000000000000000000000000000000000000000000000000000000000000000000000000000000000000000000000000000000000000000000000000000107519439980982180411282555987713654199619213642799465787818208291501709199170825483959897220012567213259551272536133238552397888220767963153568552183
0.000000000000000000000000000000000000000000000000000000000000000000000000000569463003598586603220660253972166904521323189026498460707881868653345436097137540657969055931987145244816386801197890829291690626502683088068114959597
-0.000000000000000000000000000000000000000000000000000000000000000000000000000000000000000000000000000000000000000000000000000000000000000000000000000000516713845857550323175198077055272056253441947917116189635130790124530966517657796165978196406941638216885523873564325108692433802437208968318481499394
-0.00000000000000000000000000000000000000000000000000000000000000000000000000000005812009896346478909925523273464303048873182081683372158563126981259990301998796932410395344550078667836908263057107199683894354809083703448535556678
0.000000000000000000000000000000000000000000000000000000000000000000000000000000000000000000000000000000000000000000000000000000000000000000000000000000553707215884303348621921265019968208086829246728734207830717521057234107307605582958461623863327760121558621425713272171901360933789526469514492876949
0.00000000000000000000000000000000000000000000000000000000000000000000000000000000000547990690507437075193715531029860833105755896286199939232725621201750442113945536251135435436581816826058916198673365872403285585219089059437042102897
0.0000000000000000000000000000000000000000000000000000000000000000000000000000000000000000000000000000000000000000000000000000000000000000000000000000000823400816724502824459322570827107895646362457419884921127575623985973133711741060864953707900207229491110880999444305600456765181712873413717672597187
-0.000000000000000000000000000000000000000000000000000000000000000000000000000000000000000478760224800360517805666139199044873351211761850520391408463976687744122313430217057162269915695718143114578193083336697889173734294193256846710700322
0.000000000000000000000000000000000000000000000000000000000000000000000000000000000000000000000000000000000000000000000000000000000000000000000000000000142603474780547952931723256831651294970638135741559779818471430530904042722540661990379663904456179600272101854251586259789251361180707786868495471542
0.0000000000000000000000000000000000000000000000000000000000000000000000000000000000000000000388666069082772278089779180943843264132806006880406424925660755157925911564496086610211614591116216768245292023891854561893792824455088258034284994077
0.0000000000000000000000000000000000000000000000000000000000000000000000000000000000000000000000000000000000000000000000000000000000000000000000000000000733900727950100343539830987041552689597844799004680038396317403987497793090899641205719609215402095850772741760374272383015812444570169781791838619232
-0.00000000000000000000000000000000000000000000000000000000000000000000000000000000000000000000000293953316167525595893506037372517838498932614403160766753039996427245130645724191415582944268270210631536726385415946428350169810961636371734617915599
-0.000000000000000000000000000000000000000000000000000000000000000000000000000000000000000000000000000000000000000000000000000000000000000000000000000000553707215884303348621921265019968208086829246728734207830717521057234107307605582958461623863327760121558621425713272171901360933789526469514492876949
0.000000000000000000000000000000000000000000000000000000000000000000000000000000000000000000000000000207622995312904270701304147363975752357274723407384401477026865391966922588855520025737489668517767137432996246030161235169965672221505502987238075026
0.0000000000000000000000000000000000000000000000000000000000000000000000000000000000000000000000000000000000000000000000000000000000000000000000000000000495233824551693727754520096946738806801797709897467017779628817324896884768655855447762012722588406143204370456187517136506605145522960096656281344685
-0.000000000000000000000000000000000000000000000000000000000000000000000000000000000000000000000000000000013726203912770095441223527750533692327756369155006670376188655119716236505607171054414999804247499894094178590568000280219396196534701557267191237698
0.00000000000000000000000000000000000000000000000000000000000000000000000000000000000000000000000000000000000000000000000000000000000000000000000000000064380397191720184608087612603076044884233702286670712311351746252236595019925261208209061653936492798616568159304377227745858668917984812565316574809
0.000000000000000000000000000000000000000000000000000000000000000000000000000000000000000000000000000000000000851183044189793233617427940463997489293399813128799936698124874009184317909341240319291606398354861344756831243577658475083065218771124559545841598752
0.00000000000000000000000000000000000000000000000000000000000000000000000000000000000000000000000000000000000000000000000000000000000000000000000000000039917039593383506490093246368357621897638875653181377698141166119320001916895273168018408013423089603590810100625234814978664920765645819838921954168
-0.0000000000000000000000000000000000000000000000000000000000000000000000000000000000000000000000000000000000000000496084372294030114918436262697343585058061938118245980348936615673324833983715131477020531378239493117483628246172677846267750528873879635331672012565
0.00000000000000000000000000000000000000000000000000000000000000000000000000000000000000000000000000000000000000000000000000000000000000000000000000000056504389379572766287172353229947186751964148346132682631001022892370765045291216278196460969673641038266811906266214304611054828049426892955843184749
0.00000000000000000000000000000000000000000000000000000000000000000000000000000000000000000000000000000000000000000000272244311573104397884743922987870641812396069469876788210201198050173928130299481152524946309295070633614886835046664978385211727563737919357203258034
0.000000000000000000000000000000000000000000000000000000000000000000000000000000000000000000000000000000000000000000000000000000000000000000000000000000516713845857550323175198077055272056253441947917116189635130790124530966517657796165978196406941638216885523873564325108692433802437208968318481499394
-0.000000000000000000000000000000000000000000000000000000000000000000000000000000000000000000000000000000000000000000000000140927588396227642983573521222036674951635438213210837358671185494997457202248043818267839287595296235110210969163482995137941213551508886833403783939
0.000000000000000000000000000000000000000000000000000000000000000000000000000000000000000000000000000000000000000000000000000000000000000000000000000000522083851184014472030367572082405368616353007422028482599006283324439486954908281345532242328029946235305812227908527101738890966665771186234031538071
0.0000000000000000000000000000000000000000000000000000000000000000000000000000000000000000000000000000000000000000000000000000068926635951484287668817830251370769246993276982856892463282761024385833185770999574164239375533629192551050061023602401746888819905724576378819707287
-0.000000000000000000000000000000000000000000000000000000000000000000000000000000000000000000000000000000000000000000000000000000000000000000000000000000127090126059651522905678048975488392588895074949590933478386672397834983681594815916112420132423289769280157719479447168766152886742639157334684248696
-0.0000000000000000000000000000000000000000000000000000000000000000000000000000000000000000000000000000000000000000000000000000000003190157873591015328711881778853844465540977145571014869241085110099614543289025499826769199585445569625391415841542315282225231295029946757204364307
0.000000000000000000000000000000000000000000000000000000000000000000000000000000000000000000000000000000000000000000000000000000000000000000000000000000893807553227032776115989283405077991071196348706512762209498757051440401666802977663551198865587267954843550534179398398176981334931800270832661993178
0.0000000000000000000000000000000000000000000000000000000000000000000000000000000000000000000000000000000000000000000000000000000000000139931320496757868742601430356506414344229442449906250543381291635914603790676255978202954358184238916428641367582023168487877604004766331034848898196
0.00000000000000000000000000000000000000000000000000000000000000000000000000000000000000000000000000000000000000000000000000000000000000000000000000000011336677911424314249802267279503659432812236732592618479292707866473543145306579823502985833408650261109497636948870874209187346704742460043938970541
-0.00000000000000000000000000000000000000000000000000000000000000000000000000000000000000000000000000000000000000000000000000000000000000000058251258533856144760070908239100868942746566463194617593635043046037420671148618874446092875841688582514678919013190215448330090933021267802143949911
0.000000000000000000000000000000000000000000000000000000000000000000000000000000000000000000000000000000000000000000000000000000000000000000000000000000527453856510478620885537067109538680979264066926940775562881776524348007392158766525086288249118254253726100582252729094785348130894333404149581576749
0.0000000000000000000000000000000000000000000000000000000000000000000000000000000000000000000000000000000000000000000000000000000000000000000000230442284399074626026902989306224678322473355165302003621004541982574913037989817635951966753555524527851042719297837462665375081770685833179754265655
0.000000000000000000000000000000000000000000000000000000000000000000000000000000000000000000000000000000000000000000000000000000000000000000000000000000973760965865498992404068431586840641807872123557429124116089433583411705954754645892466993690679854006878954921081961405757565780112615515353073680152
-0.000000000000000000000000000000000000000000000000000000000000000000000000000000000000000000000000000000000000000000000000000000000000000000000000000868360887986694662740959436303168934887481808065901709951347419941473892821485345226037759927523472358222610785727006553794169652707386774203508876566
0.000000000000000000000000000000000000000000000000000000000000000000000000000000000000000000000000000000000000000000000000000000000000000000000000000000773877434269333451683870561132434014966182686430138219349612742253483445234875475320177506627948388876790443953825553886806104667160577404052044462718
-0.000000000000000000000000000000000000000000000000000000000000000000000000000000000000000000000000000000000000000000000000000000000000000000000000000000689150683562899103080085195148775086573585969797077597030688293988260122780478931376102559872999529030603672140839255774295336075998817965828921630254
0.00000000000000000000000000000000000000000000000000000000000000000000000000000000000000000000000000000000000000000000000000000000000000000000000000000102686435187164446441630010463293673072999260088378402120330264411584040805645388822361255891033089996681291753626351444810586440415061967029573517374
-0.00000000000000000000000000000000000000000000000000000000000000000000000000000000000000000000000000000000000000000000000000000000000000000000000000000112889445307446329266452051014846966562530273147711758751693701491410229636421310663513943141100875231679839626880335231598855052449330181069118590861
0.000000000000000000000000000000000000000000000000000000000000000000000000000000000000000000000000000000000000000000000000000000000000000000000000000000745237405861524657789633254321056349030657035737272656875610111853971336236206221029222595048810746111882239397323143257224999791274912241835777589773
-0.000000000000000000000000000000000000000000000000000000000000000000000000000000000000000000000000000000000000000000000000000000000000000000000000000000651560646277650061093898729958841900033208553262691546283559841588900479719725535119224238425381372901661653660429841822970135926398882440420071359513
-0.0000000000000000000000000000000000000000000000000000000000000000000000000000000000000000000000000000000000000000000000000000000000000000000000000000000489267151966733562359887324694368459731896532669786692264211602658331862060599760803813072810268063900515161173582848255343874963046779854527892412821
0.000000000000000000000000000000000000000000000000000000000000000000000000000000000000000000000000000000000000000000000000000000000000000000000000000000680200674685458854988136036770219565968734203955557108757562471988412588718394789410179150004519015666569858216932252452551240802284547602636338232459
0.000000000000000000000000000000000000000000000000000000000000000000000000000000000000000000000000000000000000000000000000000000000000000000000000000000899177558553496924971158778432211303434107408211425055173374250251348922104053462843105244786675575973263838888523600391223438499160362488748212031856
-0.0000000000000000000000000000000000000000000000000000000000000000000000000000000000000000000000000000000000000000000000000000000000000000000000000000016062282598712765242351422903380974312173969096915436287503141882393041130087006781510546243966361317319351388771768628090069651225877211809623004577
-0.00000000000000000000000000000000000000000000000000000000000000000000000000000000000000000000000000000000000000000000000000000000000000000000000000000029893029650650428627110188984375438820204897910678430832240245479490763767361034166184188960724914635872938505849391094625278214205663013063228548637
0.000000000000000000000000000000000000000000000000000000000000000000000000000000000000000000000000000000000000000000000000000000000000000000000000000000135443467678595754458163930128806878486756723068343389199970772931026015472873348417640936009671768909045050715125983602393975142209291496314428753305
-0.000000000000000000000000000000000000000000000000000000000000000000000000000000000000000000000000000000000000000000000000000000000000000000000000000000955860948110618496220170114829729600598168591874388147569837789583716637830586361960620173953718827278811327073267954762269375232684074788967906884561
0.0000000000000000000000000000000000000000000000000000000000000000000000000000000000000000000000000000000000000000000000000000000000000000000000000000000495233824551693727754520096946738806801797709897467017779628817324896884768655855447762012722588406143204370456187517136506605145522960096656281344685
0.000000000000000000000000000000000000000000000000000000000000000000000000000000000000000000000000000000000000000000000000000000000000000000000000000000427810424341643858795169770494953884911914407224679339455414291592712128167621985971138991713368538800816305562754758779367754083542123360605486414625
-0.000000000000000000000000000000000000000000000000000000000000000000000000000000000000000000000000000000000000000000000000000000000000000000000000000000490162152854477587169082240532224011792381709253938741091524184858316615466808175000405413797116115236918542565973548587518284490418206890847150752601
-0.000000000000000000000000000000000000000000000000000000000000000000000000000000000000000000000000000000000000000000000000000000000000000000000000000000222556887419014169219802405013413945707313910592476141725062107062875347010492330219295458729548765652307506241154149267369835806361523031388907158515
-0.00000000000000000000000000000000000000000000000000000000000000000000000000000000000000000000000000000000000000000000000000000000000000000000000000000144751476911133612473791054842504619915802559543524697004021627810867450897440856062201282272891502807640217195989267057007834226872132674034715487013
