-0.0000000000000000000000000000000000000000000000000000000000000000000000000000000000000000000000000000000000000000000000000000000000000000000000000000000638433966590737697225706631003627136479425963361794830149641969322457429762002126902536570618276619967745393238699570284412129524951285907737615709413
0.880101171489867050240150368455775422382468154335138244363325863306508211911068487786961860761963519578370454416636148984158349057722027019036394057564
-0.0000000000000000000000000000000000000000000000000000000000000000000000000000000000000000000000000000000000000000000000000000000000000000000000000000000966600958763546793930509104883996225323990710884212733497588775983533678705087332319728265795895443315651903781956358748362289561141199224799006961915
-0.0391267079653368126522988693854050128878087286048962661261435203779643420241385546278135183328555860323113125214380427580966357640121768390019531846508
-0.0000000000000000000000000000000000000000000000000000000000000000000000000000000000000000000000000000000000000000000000000000000000000000000000000000000346067009927689592888700790637480130054268279205458879894198450660771317067253489349038514914579850075974138391070795107438350583618454043446558048093
0.00049951546042246887314838543167473518645647855005548694980669039537896726409798267768460345457433229726815463143962614603191126510390371701510519415695
-0.0000000000000000000000000000000000000000000000000000000000000000000000000000000000000000000000000000000000000000000000000000000000000000000000000000000883067542574104478405650293350811366345374229696688176281747770651623360792302007304443107023410651918002973825490994412084067006474675835001561915824
-0.0000030046516348736164869841436738650769231367241753174130708408900821404953051326862206284132006658805412004119990080216046200036904214907719305364479902
-0.00000000000000000000000000000000000000000000000000000000000000000000000000000000000000000000000000000000000000000000000000000000000000000000000000000011336677911424314249802267279503659432812236732592618479292707866473543145306579823502985833408650261109497636948870874209187346704742460043938970541
0.000000010498500359823750304605473778469353335792121377297627476774369186773840435208659826986715160456941885151193943260981552464571558831757795320438955848
-0.000000000000000000000000000000000000000000000000000000000000000000000000000000000000000000000000000000000000000000000000000000000000000000000000000000124106789767171440208361662849303219053944486335750770720678065064552472327566768594137950176263118647935553078177112728184787795504549036270489782764
-0.0000000000239601349260627424286519160650019587262035814598912649179738927222842800402773189808478211202829123246344415891446191958621451978863627164650920296795
-0.000000000000000000000000000000000000000000000000000000000000000000000000000000000000000000000000000000000000000000000000000000000000000000000000000000173033504963844796444350395318740065027134139602729439947099225330385658533626744674519257457289925037987069195535397553719175291809227021723279024047
0.0000000000000385123352896034586089328148058952872974788536741217414297692484659229274225277457261524964250381113566556590629102268300744505401619328566720882005171
-0.00000000000000000000000000000000000000000000000000000000000000000000000000000000000000000000000000000000000000000000000000000000000000000000000000000031862031603687283207339003827657653353272286395812938252327926319457221261019545398687339131790627575960377569108931825408979174422802492965596896152
-0.0000000000000000459506306442068898326707767108495158895885935549168046380021840647738611832952432290148434314476323840158269505789898692862001130958517690991750041622
-0.000000000000000000000000000000000000000000000000000000000000000000000000000000000000000000000000000000000000000000000000000000000000000000000000000000324586988621832997468022810528946880602624041185809708038696477861137235318251548630822331230226618002292984973693987135252521926704205171784357893384
0.0000000000000000000423075113610652278627712976722371229557703918919513786652038464742648246628630463648296502120402258353143357589189954810624303176720830940947187973636
-0.000000000000000000000000000000000000000000000000000000000000000000000000000000000000000000000000000000000000000000000000000000000000000000000000000000261340259221255244284915424653821201661671562572398257575274002395547994612856945404963568159630990229787366578084496994927581992456694605223435215629
-0.0000000000000000000000309695688242330690555435590292357947798436966855887934928378717388037286361443845299924580645105068986860277840004761819171729306804254499829205627035
-0.000000000000000000000000000000000000000000000000000000000000000000000000000000000000000000000000000000000000000000000000000000000000000000000000000000319813650553864865152316592727050602946703099403665447626362706127885217151806672915663179300370344208141617547610252030322337780723260978081646747893
0.000000000000000000000000018455243964193340842575113218103304535722479413472624411231238832252193108157325607499875086265534051996448950034505132914039409708008867562942823751
-0.000000000000000000000000000000000000000000000000000000000000000000000000000000000000000000000000000000000000000000000000000000000000000000000000000000378287041886474486019717760800280004231734636234932637677451409860222439690756400426362790441109698186495868517136007065717093568989827350939858280157
-0.00000000000000000000000000000912684811190021148655713751558466205839518144455857008484777022175858878435589231555077599171802561455446816922473713522789975998832993354727566301156
-0.000000000000000000000000000000000000000000000000000000000000000000000000000000000000000000000000000000000000000000000000000000000000000000000000000000303106967315976402047344830420413631150979803166160536183194505061503153569249607912606147545873385928611831556317179163066693269789956300122157738675
0.00000000000000000000000000000000380590350378276432574531110640166266589004929183400511622217689450495525634062191621853195299210970752052947136284894059042644870197895964810014299134
-0.000000000000000000000000000000000000000000000000000000000000000000000000000000000000000000000000000000000000000000000000000000000000000000000000000000269693600840199475837401305807139687559533210691150713296858102928739026404135477906492084036879469369552259573731033428555404247923346944203179720238
-0.00000000000000000000000000000000000135631041071082227383662260223749874399113864153293377931694419382664935734466272047851622392856203500581793608057414794127101679662746911041938787677
-0.000000000000000000000000000000000000000000000000000000000000000000000000000000000000000000000000000000000000000000000000000000000000000000000000000000294753625697032170494858949267095145253118155047408080461610404528312121777971075411077631668624906788846938560670642729438871014323303961142413234065
0.000000000000000000000000000000000000000417831996343633643341482835448863937803611171684104282779339272801116643703610697116549540279993549616911188803007613987472219152614917424666403775699
-0.000000000000000000000000000000000000000000000000000000000000000000000000000000000000000000000000000000000000000000000000000000000000000000000000000000316233647002888765915536929375628394704762393067057252317112377327946203526973016129293815352978138862528091978047450701624699671237552832804613388775
-0.000000000000000000000000000000000000000000112378966544313628693377010916837753709819765353075331830325673581314469117580297879060338242807839546630744225872965621900858875821699410839253833217
-0.000000000000000000000000000000000000000000000000000000000000000000000000000000000000000000000000000000000000000000000000000000000000000000000000000000343680340893705526730847681736531991226307808314386749688031564794145307984031051491458938949651713178898454678028927554973258510627981946595202475348
0.0000000000000000000000000000000000000000000000266171023442584386423499958750390459516095619927189877087240633436051975457775085211497665848612624861216409432763518583564827746893478950714885327004
-0.000000000000000000000000000000000000000000000000000000000000000000000000000000000000000000000000000000000000000000000000000000000000000000000000000000263726928255239310442768533554769340489632033463470387781440888262174003696079383262543144124559127126863050291126364547392674065447166702074790788374
-0.00000000000000000000000000000000000000000000000000559411360911045386052154285688186501881407029385488332472530731742808222563509367165629274016554216374342702339404428357338812426124029733579534200291
-0.00000000000000000000000000000000000000000000000000000000000000000000000000000000000000000000000000000000000000000000000000000000000000000000000000000031862031603687283207339003827657653353272286395812938252327926319457221261019545398687339131790627575960377569108931825408979174422802492965596896152
0.00000000000000000000000000000000000000000000000000000105033017207776868307217320602396229026166233550523916500095497331708955553695925842376324316747826482710845642605632783043519135202986937331451240152
-0.000000000000000000000000000000000000000000000000000000000000000000000000000000000000000000000000000000000000000000000000000000000000000000000000000000171840170446852763365423840868265995613153904157193374844015782397072653992015525745729469474825856589449227339014463777486629255313990973297601237674
-0.000000000000000000000000000000000000000000000000000000000177239509918532180739046634922531199136567216340693933305204961960305322910817953296065983711348609754533540312451794153158415651440610660330264193777
0.000000000000000000000000000000000000000000000000000000000000000000000000000000000000000000000000000000000000000000000000000000000000000000000000000000264920262772231343521695088005243409903612268909006452884524331195487008237690602191332932107023195575400892147647298323625220101942402750500468574747
0.0000000000000000000000000000000000000000000000000000000000000270262620490488990577460039182964124388321369668024788331660818982091510249540932416861664507755874858057728467601781010172313134749672689351754010293
0.000000000000000000000000000000000000000000000000000000000000000000000000000000000000000000000000000000000000000000000000000000000000000000000000000000341293671859721460572994572835583852398347337423314619481864678927519298900808613633879362984723576281822770964987060002508166437637509849743846902602
-0.00000000000000000000000000000000000000000000000000000000000000000374218947669068712901253542213978057638882489915077477158865271444392378739671957863941350230353937349320755078876069684521023245128565633098328537098
-0.00000000000000000000000000000000000000000000000000000000000000000000000000000000000000000000000000000000000000000000000000000000000000000000000000000025298691760231101273242954350050271576380991445364580185368990186235696282157841290343505228238251109002247358243796056129975973699004226624369071102
0.000000000000000000000000000000000000000000000000000000000000000000000472615430724892600206864664915487210991996015012105204036848643257692273282620896208857693091550812301578745688946165829569218531054589509448317705513
0.000000000000000000000000000000000000000000000000000000000000000000000000000000000000000000000000000000000000000000000000000000000000000000000000000000225540223711494251917118791139599119242264499206316304482770714396157858364520377541269928685708936773652110882456483707951200897599613152453101624447
-0.0000000000000000000000000000000000000000000000000000000000000000000000000546626369054265838064485909169483809815209872493923490106665627835790888241868908808603604713862404698915724907643871464889042731681614116364625126352
0.000000000000000000000000000000000000000000000000000000000000000000000000000000000000000000000000000000000000000000000000000000000000000000000000000000375900372852490419861864651899331865403774165343860507471284523993596430607533962568783214476181561289420184804094139513252001495999355254088502707411
0.0000000000000000000000000000000000000000000000000000000000000000000000000000058114400377301027347934643796418525260388971515032172900966071420730411834479170736000692122250793138561325608778282618858493374696851633076377611368
0.000000000000000000000000000000000000000000000000000000000000000000000000000000000000000000000000000000000000000000000000000000000000000000000000000000110980110080259076340169563894088455500161896434854054586760192798109422369843360377450282369158365714019292656446841189626781394056952503588034132664
-0.000000000000000000000000000000000000000000000000000000000000000000000000000000000569858616376175132058893822450522834284930180154868466519839186949136670471164817356402745802129979045684055173942817657542558396039565558755365948487
0.000000000000000000000000000000000000000000000000000000000000000000000000000000000000000000000000000000000000000000000000000000000000000000000000000000418263748205707594163757334891161329600072523660390818630746748126208091834732234540820687853655991212513570710587288569507385791580234973200064123644
0.0000000000000000000000000000000000000000000000000000000000000000000000000000000000000517017515594261425703298205324321450559519827794702821954591007162050661581119313340679770077880749785767883200245222170172564288015184274849895075519
0.000000000000000000000000000000000000000000000000000000000000000000000000000000000000000000000000000000000000000000000000000000000000000000000000000000180790179324293011457372999246821516218005669998713863117141604396920188054099667711652879343306369953483041262921467099230724529028261336490184635469
-0.00000000000000000000000000000000000000000000000000000000000000000000000000000000000000000435271901279335268212250106470126597888750038592007665500869676422030661673893366965549124882212102848180126212105692303393208292017428727669236513758
0.000000000000000000000000000000000000000000000000000000000000000000000000000000000000000000000000000000000000000000000000000000000000000000000000000000107400106529282977103389900542666247258221190098245859277509863998170408745009703591080918421766160368405767086884039860929143284571244358311000773546
0.000000000000000000000000000000000000000000000000000000000000000000000000000000000000000000000340960933696832483025761869778579399926891140475304158773318054190234457395930735014518941304569169498087496938699995501077307200736976082402581030527
-0.000000000000000000000000000000000000000000000000000000000000000000000000000000000000000000000000000000000000000000000000000000000000000000000000000000318023648778376815533926761051339498825732746235361349971737541727915710339389844522478497326674241535334854762828851365973518725980406905443130068334
-0.0000000000000000000000000000000000000000000000000000000000000000000000000000000000000000000000000249130574972082107051335735412927318706922323623306366364049512262647450730969673429809122726840788212116871752540940771110695321146084248937339546403
-0.00000000000000000000000000000000000000000000000000000000000000000000000000000000000000000000000000000000000000000000000000000000000000000000000000000029236695666304810433700584036614700642515768415633595025544351866168611269474863755349805570369676989177125484762877517697377894133283186429105766132
0.00000000000000000000000000000000000000000000000000000000000000000000000000000000000000000000000000000170194034030177902292414238435841218073444655554424624721734940026604723283192309435904560685850389964770915183943992441342045279062963566211364201348
0.000000000000000000000000000000000000000000000000000000000000000000000000000000000000000000000000000000000000000000000000000000000000000000000000000000472560468728845099254915562387731487936173236432281780821043401591949798478042695800756041055771105620985375182289775388088230452113475176568403403603
-0.000000000000000000000000000000000000000000000000000000000000000000000000000000000000000000000000000000000108944881712811787575056707765667907343219545759196335758224235284709121245308742003097680403878164240394940687361450571578073235270285429639653217697
0.0000000000000000000000000000000000000000000000000000000000000000000000000000000000000000000000000000000000000000000000000000000000000000000000000000007702974307183573524470908977810118067242419800935300240403624134535444316100418185338081426805561835311769183842627525581084665576748692587750111036
0.0000000000000000000000000000000000000000000000000000000000000000000000000000000000000000000000000000000000000065479434817463279740686137237712863357821677373380488808931373507992452865533798210301744833324159717045917358893035907624336991411456039829288993249
0.000000000000000000000000000000000000000000000000000000000000000000000000000000000000000000000000000000000000000000000000000000000000000000000000000000766120759908885236670847957204352563775311156034153796179570363186948915714402552283043884741931943961294471886439484341294555429941543089285138851296
-0.000000000000000000000000000000000000000000000000000000000000000000000000000000000000000000000000000000000000000000370232534869542854744943833648986846600499289542532108266310058134326233160726177079725317324820252937052592134070200791748744733007767281919854051458
0.000000000000000000000000000000000000000000000000000000000000000000000000000000000000000000000000000000000000000000000000000000000000000000000000000000828174154792470956775028788629004173302283399202029181539909395719225151878185936580112859830063503285262248425528040705386949327693817607420383742678
0.0000000000000000000000000000000000000000000000000000000000000000000000000000000000000000000000000000000000000000000000197288698791263783079016145173890178841321534278096371555763451043694978824744467157262427272244854445638784924760384840255696863043462364649152819283
0.000000000000000000000000000000000000000000000000000000000000000000000000000000000000000000000000000000000000000000000000000000000000000000000000000000758364085548437021657825353276271112584439625638169373009527984120414386193929629245910262855915499045798499819053414795783006192722508774518233239873
-0.000000000000000000000000000000000000000000000000000000000000000000000000000000000000000000000000000000000000000000000000000992496345491709798678453544067891614268027288453139330467310547854426547301683721877891690779554682157583395098299508082802222415887543146470724477028
0.000000000000000000000000000000000000000000000000000000000000000000000000000000000000000000000000000000000000000000000000000000000000000000000000000000384253714471434651414350533052650351301635813462612963192868624526787462398812495070311730353430040429185077799740675946879823751466007593068247212021
0.0000000000000000000000000000000000000000000000000000000000000000000000000000000000000000000000000000000000000000000000000000000472122096639437525233863121074728209442096571195295800046800602697429935448232510406111177056835533301902585210344177850596120812526745730072355747504
0.000000000000000000000000000000000000000000000000000000000000000000000000000000000000000000000000000000000000000000000000000000000000000000000000000000582347244292112142516158571831345874022354897421599770304720151456746216306274837249416535442465402886466825982215682801482465809675191631730759749895
-0.00000000000000000000000000000000000000000000000000000000000000000000000000000000000000000000000000000000000000000000000000000000000212686520327434139244289040917794315459730084323166615398524473915194142400959531200927830517379560393158425690865427800568855392683296103172656475409
0.000000000000000000000000000000000000000000000000000000000000000000000000000000000000000000000000000000000000000000000000000000000000000000000000000000733304060691604327000367709816315654890854681281912005844775682520841290820094031741324715224170061626503820832113805494899539426322551757578999726045
0.0000000000000000000000000000000000000000000000000000000000000000000000000000000000000000000000000000000000000000000000000000000000000000908682763783177928191595561305676106768470829937551563261433605558863665676531981040367798174706250090777977871453002752002503337198972835133161699185
0.000000000000000000000000000000000000000000000000000000000000000000000000000000000000000000000000000000000000000000000000000000000000000000000000000000592490587686544423687034284660375464041186898708656323680929416389906754909970198144129733293409984699038481762643619899459107119884698043349020934063
-0.00000000000000000000000000000000000000000000000000000000000000000000000000000000000000000000000000000000000000000000000000000000000000000000368693436538180188014172402513331856740842072261417512607034815897393490116966916648582772282309489887075553396606634143831725862881859455349524538114
0.0000000000000000000000000000000000000000000000000000000000000000000000000000000000000000000000000000000000000000000000000000000000000000000000000000011247177822649911768882775695718104226763719074177413596561449646475067804685738403843751734723845127469159497709800840991746393967599756412013136563
0.000000000000000000000000000000000000000000000000000000000000000000000000000000000000000000000000000000000000000000000000000000000000000000000000142252593262511458981377626857083377207533164202449305683918841929728820088650278038262422989926348466040501792890381757361602803612849302987675516465
0.00000000000000000000000000000000000000000000000000000000000000000000000000000000000000000000000000000000000000000000000000000000000000000000000000000133534132451408501531881443008048367424388346355485685035037264237725208206295398131577275237729259391384503744692489560421901483816913818833344295109
-0.00000000000000000000000000000000000000000000000000000000000000000000000000000000000000000000000000000000000000000000000000000000000000000000000000000650605978664056434630757486398462644502024364906262694201093087242250076086436559976192408039410118142831380175213094801984099097202693601679529130415
0.00000000000000000000000000000000000000000000000000000000000000000000000000000000000000000000000000000000000000000000000000000000000000000000000000000137770469986730218962070711307231313844018182187138716150983486650986374329015225328781022575476702383693842335341804466047439913375001790744500436732
-0.00000000000000000000000000000000000000000000000000000000000000000000000000000000000000000000000000000000000000000000000000000000000000000000000000000138546137422775040463372971700039458963105335226737158467987724557639827281062517632494384764078346875243439542080411420598594837096905222221190997875
0.00000000000000000000000000000000000000000000000000000000000000000000000000000000000000000000000000000000000000000000000000000000000000000000000000000130013795626282003949048107379149862653146651791154292980941107584451844808542302291647400689460257468197870267955734920535890676155967475977594825309
-0.00000000000000000000000000000000000000000000000000000000000000000000000000000000000000000000000000000000000000000000000000000000000000000000000000000124763123751517058401771267797063957231633615830795606527373958677874624825452939004972333566618356294631366099263626305112688115576928862904612565269
0.000000000000000000000000000000000000000000000000000000000000000000000000000000000000000000000000000000000000000000000000000000000000000000000000000000639030633849233713765169908228864171186416081084562862701183690789113932032807736366931464609508654192014314166960037172528402543198903931950454602599
-0.000000000000000000000000000000000000000000000000000000000000000000000000000000000000000000000000000000000000000000000000000000000000000000000000000000196303528045189441483418207102984418599748730790682709457226362529989247095045513785920123115339259784474985397693606190253823003466329966023995858315
0.000000000000000000000000000000000000000000000000000000000000000000000000000000000000000000000000000000000000000000000000000000000000000000000000000000614567276250897035647175541994145748199821254451073528087973110656197338929777748326740810968995250996988556108280894759761208795046564939224059981958
-0.00000000000000000000000000000000000000000000000000000000000000000000000000000000000000000000000000000000000000000000000000000000000000000000000000000067184733306651462343565015561690108007087255583680465303597837145522155692711625690865063412727053652680496522128571601892341854681789526365659372785
0.000000000000000000000000000000000000000000000000000000000000000000000000000000000000000000000000000000000000000000000000000000000000000000000000000000344277008152201543270310958961769025933297926037154782239573286260801810254836660955853832940883747403167375606289394443089531528875599970808041368534
-0.000000000000000000000000000000000000000000000000000000000000000000000000000000000000000000000000000000000000000000000000000000000000000000000000000000963020955212570694693729441532574017082050004547604538188338447183594665080253675533358901848503237970038378212393557419664651451655491079521973602797
-0.000000000000000000000000000000000000000000000000000000000000000000000000000000000000000000000000000000000000000000000000000000000000000000000000000000762540756357909137434068293852930355533370449697545600870320034387009902089568895496674520794539738615680946316876683012596917320455834944008105492177
-0.000000000000000000000000000000000000000000000000000000000000000000000000000000000000000000000000000000000000000000000000000000000000000000000000000000040573373577729124683502851316118360075328005148226213504837059732642154414781443578852791403778327250286623121711748391906565240838025646473044736673
-0.000000000000000000000000000000000000000000000000000000000000000000000000000000000000000000000000000000000000000000000000000000000000000000000000000000390220387056394816808983305305020698371536990690293288708285839193352485106868589714260670265750382671874287082345344828042553933942187835196636143884
-0.000000000000000000000000000000000000000000000000000000000000000000000000000000000000000000000000000000000000000000000000000000000000000000000000000000429003758858635891874096324945427954325894642670215404558497734526025132709233204899928779695832607249354147419275692555600300120037359409031164200998
0.000000000000000000000000000000000000000000000000000000000000000000000000000000000000000000000000000000000000000000000000000000000000000000000000000000076373409087490117051299484830340442494735068514308166597340347732032290663118011442546430877700380706421878817339761678882946335695107099243378327855
-0.00000000000000000000000000000000000000000000000000000000000000000000000000000000000000000000000000000000000000000000000000000000000000000000000000000140694139553360700005440769710892783908269759028702075653537921837603235455962711704316003132513670082611554883818092217817177702788330109387411013345
-0.000000000000000000000000000000000000000000000000000000000000000000000000000000000000000000000000000000000000000000000000000000000000000000000000000000047136713421185306617598900793725741852219300098674571571795995865863679393643147687196625307330703717244753332576884161185568441561823912814272561723
