0.8414709848078965066153090718041800565124860982777531128231032632488579425691484596378689500630577762299620787462934183373839996723552723510801665945702753116923066357109844664438895006157697979624403561134623299725190885256770849863562390808326832128
0.0000000000000000000000000000000000000000000000000000000000000000000000000000000000000000000000000000000000000000000000000000000000000000000000000000000000000000000000000000000000000000000000000000000000000000000000000000000000000000000000000000000000
-0.3101752600568693055142599295240359968675237750561695597746945268878116524629625292242020823544859922027215299264587466715517371309950386645593761226678498900482121808427011868382422105067633364531060113113635883186980739594423859765539694855954890752
0.0000000000000000000000000000000000000000000000000000000000000000000000000000000000000000000000000000000000000000000000000000000000000000000000000000000000000000000000000000000000000000000000000000000000000000000000000000000000000000000000000000000000
0.0090991422757237744228210244337424435019126444178274360188074069826206433160175662250506759126820486827935447534287965656784194709602642297571852988841002406719491853529945266028473466163376631299460799768661061546295872301045594676046632527283093504
0.0000000000000000000000000000000000000000000000000000000000000000000000000000000000000000000000000000000000000000000000000000000000000000000000000000000000000000000000000000000000000000000000000000000000000000000000000000000000000000000000000000000000
-0.0000930401720311321124200095385026849201174112285526201504328504553630683964604520027323145821409278513820549413390766689158639012485661734259820137756180070702609372815986082950708653132377757945615550211705990903452746377193489043969863049623371776
0.0000000000000000000000000000000000000000000000000000000000000000000000000000000000000000000000000000000000000000000000000000000000000000000000000000000000000000000000000000000000000000000000000000000000000000000000000000000000000000000000000000000000
0.0000004805047963765040033622864503308894667256616993768444395686886217392167863299553223890973740169714803178405503441021225769167789558574038188417047321337144610961977128018593353145398353464053053636907998608403027255893311006980146956224627212288
0.0000000000000000000000000000000000000000000000000000000000000000000000000000000000000000000000000000000000000000000000000000000000000000000000000000000000000000000000000000000000000000000000000000000000000000000000000000000000000000000000000000000000
-0.0000000014944760544099357350033517195368788182670292192363095976340209772210684275527980805574095086941540590337202542897001971067567926322433419687439533586308762118916961575516029676764046873422002745587849108460506662051404323698740884022845505536
0.0000000000000000000000000000000000000000000000000000000000000000000000000000000000000000000000000000000000000000000000000000000000000000000000000000000000000000000000000000000000000000000000000000000000000000000000000000000000000000000000000000000000
0.0000000000031041564924677638214910997109640836617253774973034643558198198686896388359591861679966116839206517732789378529815646377197038091039374255924364623351136815146998253462482365964061902108952395838017422606218151261125891872903868583572930560
0.0000000000000000000000000000000000000000000000000000000000000000000000000000000000000000000000000000000000000000000000000000000000000000000000000000000000000000000000000000000000000000000000000000000000000000000000000000000000000000000000000000000000
-0.0000000000000046097703637992308168621605009684162542539359320579303705697903511153071691244785569057498585713425467585885570191815851040745235898060209940322988287782739479871862871455386578509235609562082266681162428013392561577195816985442371239936
0.0000000000000000000000000000000000000000000000000000000000000000000000000000000000000000000000000000000000000000000000000000000000000000000000000000000000000000000000000000000000000000000000000000000000000000000000000000000000000000000000000000000000
0.0000000000000000051371372929475691123827218577672209927228058393412619008259983461792679147560865705003008413776206874479074694776783971924136186160562189085806249723905465868291552892525945748970903322374568731696557046413972502461791890393123520512
0.0000000000000000000000000000000000000000000000000000000000000000000000000000000000000000000000000000000000000000000000000000000000000000000000000000000000000000000000000000000000000000000000000000000000000000000000000000000000000000000000000000000000
-0.0000000000000000000044542662461703414307773631792531635162242696338905041451701605572392811580803197014037579581834965467451365626929674652366665845926393905688877477316593451194713625511119730094653442083412661897292106540201370540600724825854443520
0.0000000000000000000000000000000000000000000000000000000000000000000000000000000000000000000000000000000000000000000000000000000000000000000000000000000000000000000000000000000000000000000000000000000000000000000000000000000000000000000000000000000000
0.0000000000000000000000030904962461171179275112057903547433872034171000833096463049852477595194759754236205900291105683930768335566817124476935295330701931026782760713174608570852394559280151792824633557194886498480900703980861458350723933387148492800
0.0000000000000000000000000000000000000000000000000000000000000000000000000000000000000000000000000000000000000000000000000000000000000000000000000000000000000000000000000000000000000000000000000000000000000000000000000000000000000000000000000000000000
-0.0000000000000000000000000017547125894605275034182215116737863906554218593908631483540256867651891685690931623782246002298477271684500710697906886107727383696200345077446641458200549961187213049726928730333537235561742260057643518110549926846201331712
0.0000000000000000000000000000000000000000000000000000000000000000000000000000000000000000000000000000000000000000000000000000000000000000000000000000000000000000000000000000000000000000000000000000000000000000000000000000000000000000000000000000000000
0.0000000000000000000000000000008303442851443072786904578594016384715354901048680890628983131641864080846607085401568685708162995687381140412953315732256770079266152301041807469759805321265061598517565229671380027279602842194421088145598613014989242368
0.0000000000000000000000000000000000000000000000000000000000000000000000000000000000000000000000000000000000000000000000000000000000000000000000000000000000000000000000000000000000000000000000000000000000000000000000000000000000000000000000000000000000
-0.0000000000000000000000000000000003325077408838406543086512347373540508622474320348398804403219040741229195601502825852119519971981203900529104782281012371826455092880290397824360562668303218928497970552972322359834285588150500712377632376965566562304
0.0000000000000000000000000000000000000000000000000000000000000000000000000000000000000000000000000000000000000000000000000000000000000000000000000000000000000000000000000000000000000000000000000000000000000000000000000000000000000000000000000000000000
0.0000000000000000000000000000000000001141381915657716374924415562441092708799555765190559299137502996334631754950234839712321514337921351294636955627671719820708922522827869943407396016586754521215889607051758385485088545995891653709822153210636271616
0.0000000000000000000000000000000000000000000000000000000000000000000000000000000000000000000000000000000000000000000000000000000000000000000000000000000000000000000000000000000000000000000000000000000000000000000000000000000000000000000000000000000000
-0.0000000000000000000000000000000000000000339577210780349643824657340492404573880531782946639079860547010123039617425389465576402757235920307652760884602247570033430284449016489929897946612441809416947172901253666871727608981498682069291747278208368640
0.0000000000000000000000000000000000000000000000000000000000000000000000000000000000000000000000000000000000000000000000000000000000000000000000000000000000000000000000000000000000000000000000000000000000000000000000000000000000000000000000000000000000
0.0000000000000000000000000000000000000000000091918049827962498391517370160814649463403349251821666271892347733660841305648835232091832313924217766764464219354567392341870254915092938023141812845622293576417953959330306824527037773832374310982121422848
0.0000000000000000000000000000000000000000000000000000000000000000000000000000000000000000000000000000000000000000000000000000000000000000000000000000000000000000000000000000000000000000000000000000000000000000000000000000000000000000000000000000000000
0.0000000000000000000000000000000000000000000009188521539167359596179671162481048014968721850933110485606056773828020558940214091098317920862566615198551382699473190890790401157257988725926840487784568619158268202541310350338149714990480999465864921088
0.0000000000000000000000000000000000000000000000000000000000000000000000000000000000000000000000000000000000000000000000000000000000000000000000000000000000000000000000000000000000000000000000000000000000000000000000000000000000000000000000000000000000
0.0000000000000000000000000000000000000000000012587442513177319345508703110396788705672109733852273280051769812301240215363090217478979869408586306383424458762840364202289692856823469312566622846166119470098301729205651088688618329986546714736578265088
0.0000000000000000000000000000000000000000000000000000000000000000000000000000000000000000000000000000000000000000000000000000000000000000000000000000000000000000000000000000000000000000000000000000000000000000000000000000000000000000000000000000000000
0.0000000000000000000000000000000000000000000017149183650653203485728273500760977905417065811794222842523919816322730880561194997388262659087507090518450490069099108317176853786202761067788401885548604632161312643401687995612009303741620869992374337536
0.0000000000000000000000000000000000000000000000000000000000000000000000000000000000000000000000000000000000000000000000000000000000000000000000000000000000000000000000000000000000000000000000000000000000000000000000000000000000000000000000000000000000
0.0000000000000000000000000000000000000000000018883740998133718718347019352806121178939624161034071694232884925122286647904235516100112045550259727414788076957013982003098117223761103129464494209172550959676170823874347533194872539737105592930181054464
0.0000000000000000000000000000000000000000000000000000000000000000000000000000000000000000000000000000000000000000000000000000000000000000000000000000000000000000000000000000000000000000000000000000000000000000000000000000000000000000000000000000000000
0.0000000000000000000000000000000000000000000023820238660451008436084986817893429550376149004099435185625019712899431592595058198704954299826528431484113408608738234749921368583150166743554924281469489339275755760418080207006643151858721363431616675840
0.0000000000000000000000000000000000000000000000000000000000000000000000000000000000000000000000000000000000000000000000000000000000000000000000000000000000000000000000000000000000000000000000000000000000000000000000000000000000000000000000000000000000
0.0000000000000000000000000000000000000000000024130185503089830846316761753679417531802677591752398974550663804088223122570461904759240497466741677053262981510429368450426656766921762571698761756437458290885545209551554019964375093067773439025354899456
0.0000000000000000000000000000000000000000000000000000000000000000000000000000000000000000000000000000000000000000000000000000000000000000000000000000000000000000000000000000000000000000000000000000000000000000000000000000000000000000000000000000000000
0.0000000000000000000000000000000000000000000024430052371456287946815825624272139132212640634104315732394386019371201029037987295390300178453968760227553861300200137129347636212508947861402750929607626733370102627134973249398779742899895127895453990912
0.0000000000000000000000000000000000000000000000000000000000000000000000000000000000000000000000000000000000000000000000000000000000000000000000000000000000000000000000000000000000000000000000000000000000000000000000000000000000000000000000000000000000
0.0000000000000000000000000000000000000000000022993426732511981676556854276571344453834802974070289767557633500930667099361112578882560124858611272566797722635840209097858112096437195819043707878211507621441888918829196494311647918552360462807564550144
0.0000000000000000000000000000000000000000000000000000000000000000000000000000000000000000000000000000000000000000000000000000000000000000000000000000000000000000000000000000000000000000000000000000000000000000000000000000000000000000000000000000000000
0.0000000000000000000000000000000000000000000016856198080676496276862631116789918464957887942772762980260560521506098318033999090395564372806571684685455150189967680915891764037228618336991501604082972558084072088103864538448874678624356847272803172352
0.0000000000000000000000000000000000000000000000000000000000000000000000000000000000000000000000000000000000000000000000000000000000000000000000000000000000000000000000000000000000000000000000000000000000000000000000000000000000000000000000000000000000
0.0000000000000000000000000000000000000000000018142466019430970181632204379022136507125445003869717533570203344286792103807742865246590110016640779030019749577691034679579286366488234762874789191245744206420532372548949557501031279974101914676499578880
0.0000000000000000000000000000000000000000000000000000000000000000000000000000000000000000000000000000000000000000000000000000000000000000000000000000000000000000000000000000000000000000000000000000000000000000000000000000000000000000000000000000000000
0.0000000000000000000000000000000000000000000018336062309402758540574824299399652596538240348672098048951094537637560925133925762216342732038063750941430947054224246246844794827034755476357933597624943354418945794240152090662056145833699927745835827200
0.0000000000000000000000000000000000000000000000000000000000000000000000000000000000000000000000000000000000000000000000000000000000000000000000000000000000000000000000000000000000000000000000000000000000000000000000000000000000000000000000000000000000
0.0000000000000000000000000000000000000000000013765566415011029114599298481041564572610511691527893053369745327320073384343635399522454555675486174063780601250925276422991464279016747883155908354475208634008305726761340106885136446894859856857249349632
0.0000000000000000000000000000000000000000000000000000000000000000000000000000000000000000000000000000000000000000000000000000000000000000000000000000000000000000000000000000000000000000000000000000000000000000000000000000000000000000000000000000000000
0.0000000000000000000000000000000000000000000012854175814030269534303560059349758520215754784249561612094814625179571805845006275558813458452141262702337360973833899634873426714761395325750017927172786029276861089070612038406441172592691161923630137344
0.0000000000000000000000000000000000000000000000000000000000000000000000000000000000000000000000000000000000000000000000000000000000000000000000000000000000000000000000000000000000000000000000000000000000000000000000000000000000000000000000000000000000
0.0000000000000000000000000000000000000000000009195734495242714157571265136924718933106155268579342107282485668052003347722549625529758828451254974518080919754892869769194044936896309623027575600979054805917497659757177078689244436099102936294695632896
