0.0000000000000000000000000000000000000000000000000000000000000000000000000000000000000000000000000000000000000000000000000000000000000000000000000000000000000000000000000000000000000000000000000000000000000000000000000000000000000000000000000000000000
0.9035060368192703677530927147857532069268428917793933322713221040115459468123696363382955129693984546129511489302297134255803210392397292311309023700964286135094455355679512794436381796775915881279425273024460126448271207994241827285621220321626423296
0.0000000000000000000000000000000000000000000000000000000000000000000000000000000000000000000000000000000000000000000000000000000000000000000000000000000000000000000000000000000000000000000000000000000000000000000000000000000000000000000000000000000000
-0.0630460678197876138167278706298160129908833531002274338688286785691294144928910191462908636746992698833167218341977874086666153137870512258406676610480355589580408949896689701791321380326154844473717607133111146458688525308783343233846208765586571264
0.0000000000000000000000000000000000000000000000000000000000000000000000000000000000000000000000000000000000000000000000000000000000000000000000000000000000000000000000000000000000000000000000000000000000000000000000000000000000000000000000000000000000
0.0010181727447238397992271072654738575467492617917434634684099167416774806850570948360969202517047311206042477040225710907496010818369304007020487152609489569360827533659823950259969305758238322158275309526517690821990997907508578812047583340128108544
0.0000000000000000000000000000000000000000000000000000000000000000000000000000000000000000000000000000000000000000000000000000000000000000000000000000000000000000000000000000000000000000000000000000000000000000000000000000000000000000000000000000000000
-0.0000071852012981092328652188812952956142204484413617259162906890236626766022289791995629574857566286082018936879983376463168342756131071058984945626794359193219699352161560451304039309886793408449553593317374187096002576037375818223980319857719640064
0.0000000000000000000000000000000000000000000000000000000000000000000000000000000000000000000000000000000000000000000000000000000000000000000000000000000000000000000000000000000000000000000000000000000000000000000000000000000000000000000000000000000000
0.0000000283361535485477674442975218124031109054945837800321163519201790511110287823993970386954798391403351392585958082144649841300465337965520155649746257890300974262558306798826213305901913635624985469966818091389924102198356596251307095125580054528
0.0000000000000000000000000000000000000000000000000000000000000000000000000000000000000000000000000000000000000000000000000000000000000000000000000000000000000000000000000000000000000000000000000000000000000000000000000000000000000000000000000000000000
-0.0000000000712896926601718407919052116843472841630923474441051295014007422339264285723877238234285382014843454144152905115074601802204868229057409193390935701220826972921946734763216537868189984827271736475307357586300041740043190743301695429454856192
0.0000000000000000000000000000000000000000000000000000000000000000000000000000000000000000000000000000000000000000000000000000000000000000000000000000000000000000000000000000000000000000000000000000000000000000000000000000000000000000000000000000000000
0.0000000000001243252172974622504791233769641711311363300309617766313584718135820324404287428670354282097015514949021579218092346890978420441250715543479772115796707454347054274241593319523590373605881941253299942270858382871823846558506026492699344896
0.0000000000000000000000000000000000000000000000000000000000000000000000000000000000000000000000000000000000000000000000000000000000000000000000000000000000000000000000000000000000000000000000000000000000000000000000000000000000000000000000000000000000
-0.0000000000000001591132695787566316145532011109625698218886460285484006075233835739635176304460517206465782635893799250968618230299720605470731429997589458182246463426450168501191697483549532526127666165330550841373884171270272362542834338346741792768
0.0000000000000000000000000000000000000000000000000000000000000000000000000000000000000000000000000000000000000000000000000000000000000000000000000000000000000000000000000000000000000000000000000000000000000000000000000000000000000000000000000000000000
0.0000000000000000001557912126332380658691399054169662676647545533835093411948186331649504545885031965613960084721814559635062181051065355697185590541701272536580991692177821089689384486199891265149836353540758494536104490637928861012342868626500485120
0.0000000000000000000000000000000000000000000000000000000000000000000000000000000000000000000000000000000000000000000000000000000000000000000000000000000000000000000000000000000000000000000000000000000000000000000000000000000000000000000000000000000000
-0.0000000000000000000001204609521780424074003000579813744426757270985330680807308436448063268755363754034053955845393601351724397310193344176954754533929538278483646197400107576500588711403121120707319940068110745693106335994178313334349011902516953088
0.0000000000000000000000000000000000000000000000000000000000000000000000000000000000000000000000000000000000000000000000000000000000000000000000000000000000000000000000000000000000000000000000000000000000000000000000000000000000000000000000000000000000
0.0000000000000000000000000754169508354678527739425533320055455887081351570128271609467245227215833109947395579814473061407220162471577855074337974812043653347829421201781725844206949157208996459610966581795341207925443072959374213317494745139127517184
0.0000000000000000000000000000000000000000000000000000000000000000000000000000000000000000000000000000000000000000000000000000000000000000000000000000000000000000000000000000000000000000000000000000000000000000000000000000000000000000000000000000000000
-0.0000000000000000000000000000390105589008604743780470509918617889334003533497976907705220269050664597535386460900499349672823044897084498704562967331906199477304559697300506850813658560416940217047146786798307698015875169561053814722256751062067183616
0.0000000000000000000000000000000000000000000000000000000000000000000000000000000000000000000000000000000000000000000000000000000000000000000000000000000000000000000000000000000000000000000000000000000000000000000000000000000000000000000000000000000000
0.0000000000000000000000000000000169520754685977455521893311861511123962439202144945644553556073953033218566518472450632248836049236778003248498656776507949706267162239601777845551243816491447983081392191315521495761367465452160378603803306182389530624
0.0000000000000000000000000000000000000000000000000000000000000000000000000000000000000000000000000000000000000000000000000000000000000000000000000000000000000000000000000000000000000000000000000000000000000000000000000000000000000000000000000000000000
-0.0000000000000000000000000000000000062757333852919135798166032744846806540234203327510689184729359446411051913520996620511328934238927645332453651364771142679388482523287086226314278123664568597143537517858444187136481035318181287315509816744115961856
0.0000000000000000000000000000000000000000000000000000000000000000000000000000000000000000000000000000000000000000000000000000000000000000000000000000000000000000000000000000000000000000000000000000000000000000000000000000000000000000000000000000000000
0.0000000000000000000000000000000000000020029805736944920897476166104843306201915896266510913806057270103717481477919817993866470292502523984102066847689552194022418116172396423948249493972106284941039957989365887181433021739357765721067361128069201920
0.0000000000000000000000000000000000000000000000000000000000000000000000000000000000000000000000000000000000000000000000000000000000000000000000000000000000000000000000000000000000000000000000000000000000000000000000000000000000000000000000000000000000
-0.0000000000000000000000000000000000000000005567906095725550876944358458990632082547227455407813992566827690712860906508985652729260660366172444895178408824561312461160546902072128901827109087969827229926027409783635963479910734494022114750307537780736
0.0000000000000000000000000000000000000000000000000000000000000000000000000000000000000000000000000000000000000000000000000000000000000000000000000000000000000000000000000000000000000000000000000000000000000000000000000000000000000000000000000000000000
0.0000000000000000000000000000000000000000000009815340552716770513495331206578253529198760004321790577143351959003121462456980973530905559444320584106797671979109909646175749850247064998551380357212876816824003192269254024043748727818837976056166612992
0.0000000000000000000000000000000000000000000000000000000000000000000000000000000000000000000000000000000000000000000000000000000000000000000000000000000000000000000000000000000000000000000000000000000000000000000000000000000000000000000000000000000000
0.0000000000000000000000000000000000000000000014326643401733553131263833753936655805138770368473013770562010962614195711177126188246472175385851114310649504811435167892927758038717093390782160651439238882611534751774080268881656463754623044025042599936
0.0000000000000000000000000000000000000000000000000000000000000000000000000000000000000000000000000000000000000000000000000000000000000000000000000000000000000000000000000000000000000000000000000000000000000000000000000000000000000000000000000000000000
0.0000000000000000000000000000000000000000000016435979029042031189912690822540034943895132167674290271633286436704023092099332669351515370321500266676083628567336010621029680694665217578362577602183779944002410083463790838497948738713535501637322276864
0.0000000000000000000000000000000000000000000000000000000000000000000000000000000000000000000000000000000000000000000000000000000000000000000000000000000000000000000000000000000000000000000000000000000000000000000000000000000000000000000000000000000000
0.0000000000000000000000000000000000000000000019157187328493956753638969294520394064993445716698020987716559486491894020394998828914006176438486616205083171900037056005177041438627887581322004286645962217624499442659643827255759442921737149747700957184
0.0000000000000000000000000000000000000000000000000000000000000000000000000000000000000000000000000000000000000000000000000000000000000000000000000000000000000000000000000000000000000000000000000000000000000000000000000000000000000000000000000000000000
0.0000000000000000000000000000000000000000000023851644686278330930455899319571422111712469724389949736564535252754930763531970288372159840371449239621580586686610639031095963033934921994212826016769814116967838667405651074482752498619409194268565176320
0.0000000000000000000000000000000000000000000000000000000000000000000000000000000000000000000000000000000000000000000000000000000000000000000000000000000000000000000000000000000000000000000000000000000000000000000000000000000000000000000000000000000000
0.0000000000000000000000000000000000000000000026714869391134885286426716628847900062085405059268532359251236608894745197884851141590953472803402128084807615773707826551276140111427594124133894297149365466203781922022224998554211244087122736673376436224
0.0000000000000000000000000000000000000000000000000000000000000000000000000000000000000000000000000000000000000000000000000000000000000000000000000000000000000000000000000000000000000000000000000000000000000000000000000000000000000000000000000000000000
0.0000000000000000000000000000000000000000000027258025132776134870700398389328483926058630390315104005321029137156016889062676169223729620637344127821842628884362981491852383789829471471997554894540862298971642874060265966559357026818729727669196292096
0.0000000000000000000000000000000000000000000000000000000000000000000000000000000000000000000000000000000000000000000000000000000000000000000000000000000000000000000000000000000000000000000000000000000000000000000000000000000000000000000000000000000000
0.0000000000000000000000000000000000000000000024115344871734191449076132207081344172001047932385397244958505258666670012419661632938884748296800865698144142954965139728675588043909542085090717468390158354008021625778993183674674236460471148890973798400
0.0000000000000000000000000000000000000000000000000000000000000000000000000000000000000000000000000000000000000000000000000000000000000000000000000000000000000000000000000000000000000000000000000000000000000000000000000000000000000000000000000000000000
0.0000000000000000000000000000000000000000000020730964531143438931232929435663364846875043828948081902550695971357987622498344147811090238939194499029757346799992959417195359628091043264737683128252576105842576033664673849342417781054779366659911057408
0.0000000000000000000000000000000000000000000000000000000000000000000000000000000000000000000000000000000000000000000000000000000000000000000000000000000000000000000000000000000000000000000000000000000000000000000000000000000000000000000000000000000000
0.0000000000000000000000000000000000000000000021838421272872784627612560131458976594526696766111460825482504966570044935073369115110277606791745424049044951786691404841139149715483277634179335245661493119541248043496461400825222625947371975194651394048
0.0000000000000000000000000000000000000000000000000000000000000000000000000000000000000000000000000000000000000000000000000000000000000000000000000000000000000000000000000000000000000000000000000000000000000000000000000000000000000000000000000000000000
0.0000000000000000000000000000000000000000000018539057629699411651713263699769090248195564924285553840329192909840541317095937643194547131541450133038268185218109147261769140253993999531348225749889367173775369419898953968077365906616593785426311905280
0.0000000000000000000000000000000000000000000000000000000000000000000000000000000000000000000000000000000000000000000000000000000000000000000000000000000000000000000000000000000000000000000000000000000000000000000000000000000000000000000000000000000000
0.0000000000000000000000000000000000000000000013338159160460239282867849677093531388639767317289022120375179540744366580896593319642576304829027389826031565271255788572227542550726772971817236503225189351495106280514569323586433321001964879654760218624
0.0000000000000000000000000000000000000000000000000000000000000000000000000000000000000000000000000000000000000000000000000000000000000000000000000000000000000000000000000000000000000000000000000000000000000000000000000000000000000000000000000000000000
0.0000000000000000000000000000000000000000000009223123142290438396623364113483135531876114361512535737220867075110632838368976747709954426535520139317199163231202355929091764620687191592626890264096903845926930481475558903973673143953170663139939713024
0.0000000000000000000000000000000000000000000000000000000000000000000000000000000000000000000000000000000000000000000000000000000000000000000000000000000000000000000000000000000000000000000000000000000000000000000000000000000000000000000000000000000000
0.0000000000000000000000000000000000000000000004507094957726838664156432907136551659807835798850124408799792951647285981742103805777574410404184162168324611111212673739573764791025075716790653419416262088569247107225653580104207128631824206632128086016
0.0000000000000000000000000000000000000000000000000000000000000000000000000000000000000000000000000000000000000000000000000000000000000000000000000000000000000000000000000000000000000000000000000000000000000000000000000000000000000000000000000000000000
