0.841470984807896506652502321630298999622563060798371065672751709991910404391239668948639743543052695854349037907920674293259118920991898881193410327729
0.0
-0.310175260056869305510974104658340940240974298714877241676058269202598122295320221717119594122780618389914411678755406464681682809594036965836419296032
0.0
0.00909914227572377442297521128915460166171074998221039640753543471797447861721958995438225059438863528379166962272400832841442280603023054761428299153022
0.0
-0.0000930401720311321124245162424551041823023270585210550588260501186871934489916949161534196596276736779036725919290707591665867892979038144291892679203175
0.0
0.000000480504796376504003350422761815946479729969625666950922505624812377545584687632148070604903554099725404205297712516260910330936509478867767573985790253
0.0
-0.00000000149447605440993573503290026482225040629210001021974496446165788004194715641324396112847304817026378529700652338920104168663549849173132554188701078893
0.0
0.00000000000310415649246776382151212026104649696425582315346707156264227760454906040245254807627008318939690206202732780709770395185538919034007183070983573334448
0.0
-0.0000000000000046097703637992308169349298901428276761945829712771580619271048017091125662097225986196124700276127281220614578484352843129454691308389646840475438383
0.0
0.00000000000000000513713729294756911229780973929037753519754331563159553234196100167013150514533302287042554208686093146683613290923409950863646401330460444911579133571
0.0
-0.00000000000000000000445426624617034143078987216350111472418244228763350630271571356014849398195996817095253187657868893274956468072887168208922180230939037206490080015699
0.0
0.00000000000000000000000309049624611711792752259867404983395080188679257434550445664774308802622185215794003510394476219599868764744187863378848426992430943690751556095088175
0.0
-0.00000000000000000000000000175471258946052750155281779186988883312686759745182718484796762527676742797243399260760145965417159050745593077062815252785154014276846257450433542843
0.0
0.000000000000000000000000000000830344285144308820050669263340587801693888291337168636380178540343823514364338243355314568037131347686626963102205203899121606560772159176911989902975
0.0
-0.000000000000000000000000000000000332507740882550193920081266454571486451927881162178369666530185977779285243212984262778000583307534907512539429682880608210797708647586936994400594692
0.0
0.000000000000000000000000000000000000114138192186373994300336218867076149544703855117906246017955600727256852865468129540549091238426620880991740695534300268859673559549700537513359681964
0.0
-0.000000000000000000000000000000000000000033957670728586217615352282089956348179910726282946377184633750727218925579592989450542647499575473452463822796812454468541586601556756588349546409291
0.0
0.00000000000000000000000000000000000000000000884042932993284363539894115096308130929382071932918810810663961362261206833271759210864176992344924579655815911523116704013326443997284116828433282293
0.0
-0.00000000000000000000000000000000000000000000000203080322628687179039797310166773160355004993346737421811769600119095247477972365555055890852621330720469077577928251322453789131273852619703765573025
0.0
0.000000000000000000000000000000000000000000000000000414690002075037151818968772028872110237503125636649448901737046403728397291703560577758148598739286182658837437185953772688644749124962699831472470768
0.0
-0.0000000000000000000000000000000000000000000000000000000757680437905127559211116172683127579185885762365902780719399237050551329178500913863724791138224151612038371366577203406151767225349726323400188903551
0.0
0.0000000000000000000000000000000000000000000000000000000000124595040313782609579504232557137555633650656204050478418388406729346565102484642273979646571285715527670489911520159341489734402385112827273754277844
0.0
-0.00000000000000000000000000000000000000000000000000000000000000185377898459123814320889881606078221902081910950365915736649651731531967541895078967702140050726296572446975397647556466485319424905322421257953823304
0.0
0.00000000000000000000000000000000000000000000000000000000000000000025074339869967761268460727963647443243052462711443730945945089334837029712091302563452565210081514771407675898358761318271960805272382456256278985952
0.0
-0.0000000000000000000000000000000000000000000000000000000000000000000000309669618580520012085893854096446659952553995554110172992289768039165638571117374658315021430771503135747898581108577136126527747135238645623094334208
0.0
0.0000000000000000000000000000000000000000000000000000000000000000000000000035057780185551628440164029684698544399086362269320235593739426347257552839760642683069666784783296822111085384361836613873262515433575261142413482764
0.0
-0.000000000000000000000000000000000000000000000000000000000000000000000000000000365142746466468518447864461644582292479192465203504677424577815194717181558899415530959673468915842969142294455376010233573051077995444343557861914366
0.0
0.0000000000000000000000000000000000000000000000000000000000000000000000000000000000351061255762422096975070284804675064002953417841591251970567270094697869139226929588245219182200621194410669467224857091962788198182754304705362826474
0.0
-0.00000000000000000000000000000000000000000000000000000000000000000000000000000000000000312523706438004399389115247036103047678436462537845958647977439336784988663705973828566552955183032745452565182804961473024281885203717992484338970293
0.0
0.000000000000000000000000000000000000000000000000000000000000000000000000000000000000000000258345881162968563862206976696018918787508922180873158509195587445712752225202250456458341417407703245005471424770147317963202769711770323205535770404
0.0
-0.0000000000000000000000000000000000000000000000000000000000000000000000000000000000000000000000198833123537355521952026605028871210563297695902516572406441301812895875837832164012332527146003703722265997980665498110634772116435169884334754083751
0.0
0.0000000000000000000000000000000000000000000000000000000000000000000000000000000000000000000000000014282862650420052733059590464068489999359122096689945853202124620721658068040339979234439494781714459742557353744631947628993588685043869453141490109
0.0
-0.0000000000000000000000000000000000000000000000000000000000000000000000000000000000000000000000000000000959799208095013637821599118223147053208200212182923476790060732051610359770244421748158538935612548808905131186446253265585751525978931746297545471501
0.0
0.00000000000000000000000000000000000000000000000000000000000000000000000000000000000000000000000000000000000604670618275133798848511779883245680831607817437786409599090705921911299646244108590269589032767538858187316991227948666597890677689400437787600247156
0.0
-0.000000000000000000000000000000000000000000000000000000000000000000000000000000000000000000000000000000000000000357854908660639875198223231034691109449222633701924405175431876352315995996368328824453041105450202067063258054829780026365528933510916080088222624386
0.0
0.0000000000000000000000000000000000000000000000000000000000000000000000000000000000000000000000000000000000000000000199327794131438216517891778505663841011339776950493757777001589291621340478066527648903401201186550048927636803652776776443826003790980253213870938125
0.0
-0.00000000000000000000000000000000000000000000000000000000000000000000000000000000000000000000000000000000000000000000000104683008323874892264962068747785583651015346010345196763003076817288154553774054658516321068591865183764011251113915639275985378607537620792423945033
0.0
0.0000000000000000000000000000000000000000000000000000000000000000000000000000000000000000000000000000000000000000000000000000519233096991173321973357562537876245722088109711987144934224359587327001059510531297974101897742570049092813478004613772504335851106872049357293673893
0.0
-0.00000000000000000000000000000000000000000000000000000000000000000000000000000000000000000000000000000000000000000000000000000000243621809188247114810148081732471093868132247982115447241903911009655751154080505564730940950155351478903523967263436789253103650239954199453696433108
0.0
0.00000000000000000000000000000000000000000000000000000000000000000000000000000000000000000000000000000000000000000000000000000000000010829042593811235102890529794168240693006161651682572779298853084746155388118925145229370334870409091926317125459773841114278106297119228240891908495
0.0
-0.00000000000000000000000000000000000000000000000000000000000000000000000000000000000000000000000000000000000000000000000000000000000000000456669680981897640373464628362345762963292543474399509746898133179259206968353495219433725201462950202075799047784545445970852039999871555293193407267
0.0
0.000000000000000000000000000000000000000000000000000000000000000000000000000000000000000000000000000000000000000000000000000000000000000000000182952740169776291163757169770748829950812399747133540353336269489150620278816012509309152623430022127193496760817978294679470890611594828595860551445
0.0
-0.00000000000000000000000000000000000000000000000000000000000000000000000000000000000000000000000000000000000000000000000000000000000000000000000000697199922254654127140765779183270647542179222557468111866092945610488659962248649813369541854563346458124977486995128189562384378299813418573833855217
0.0
0.0
0.0
0.0
0.0
0.0
0.0
0.0
0.0
0.0
0.0
0.0
0.0
0.0
0.0
0.0
0.0
0.0
