0.7651976865579665514497175261026632209092742897553252418615475491192789122152724401671806000989156339749292598276035762040848768552088786224628011946350430006216840263147346726182561517071424931455897
0.0
-0.22980696986380096093929376267033321069094062846041052082393758888199506548151731138882516932696174870056713493647278241602589312345116916630509561970303327211852608166536350728862473994216346664328625
0.0
0.0049532779282199100875700967906848883631668306762589653094664829242278363387115867734197859457411701617671397638341910960086013377701115913251052262504074386404174754188621100629578886004143739921868182
0.0
-0.000041876676004778539931214029076015600000524863342449225512031336960901057833858163088164259047578009046916842389474064622014915136681118632978130526453134661407962949730666054368818528439144323636816914
0.0
0.00000018844688345209001090770802933965165335442274704031153931330680624430309069032461230097424128007169543343032903756699362807375623701776603109843006868583257419888899134451533530426894217640519524777256
0.0
-0.0000000005261230247374906413995707375581005888177140828641454759399772138086965608224012100215902773299206584395099810579511447537491293520521990979141847790279608730621590051687555958754857873539664101381422
0.0
0.00000000000099994363588968105782036030534811590480767125624919523726152432560578296555913048322651101097160932618955056562004677336122665447090041101747486955639151968084173058092882249507091490783406415000717045
0.0
-0.0000000000000013770816400088451677182114368303867443923191458396044656916027727448848397068171510645233490210384451013716140952720046940912982020987857914216685912061044881914872111927185220667257661918852505273683
0.0
0.0000000000000000014372793173614985657222872949113696977917497725601069286551269647069768996277690094733048469885539139335711539288238186617656733699675416746884264688363658246146445194397143887252203932108054189873182
0.0
-0.0000000000000000000011760689147191516680688933209988641729877457163824784973909656131644080806705469528276261275055617793010382038852375524812276234640228771149515935300168045364894905235392281367801154474126823332816221
0.0
0.00000000000000000000000077470060170493154378295750599051365940327994818029240054166147026707308759203909921105274236180189736291573902435532691898854281851706446463877054415703574847571919435001500711289435779701225210337341
0.0
-0.00000000000000000000000000041964479118875546976578954883310704761599766701495041525240324843886066949860359014467776037487410270939507680105639866591104439977466844951670386338921719089060814145022577729311290043657206980915846
0.0
0.00000000000000000000000000000019022195865424987626693675767026189629206228901995994419583673061963303853122327641100931956008065966492441343658180221239945428284189464397732830189096541334361553530822341127825027349476345643858619
0.0
-0.00000000000000000000000000000000007321653488833605901470446121364782076907195958525994374592010802624386679943491486882633547713500149260121519952045559098317084618116173973570261281323747306378536178128984945668191994501323235088159
0.0
0.000000000000000000000000000000000000024227290048342247843524715845256927120697915841624048480443794509116149277804847126117115530950001235241130090362460088115247399133263688109302676644008031844208297059963989186920599472216996844713597
0.0
-0.0000000000000000000000000000000000000000069657395885029658044993529737242547598661997496368300377043654513156742322569237139368719653692999037160471403697743825007698347842060707707221102663695051773730634191600985864928875162336932681054641
0.0
0.0000000000000000000000000000000000000000000017563372444790294498766891174988668367557068107507423121785605299348272846181738949602299268043513506852907865927469080763207560075555474121708865883121998697119191690317307876211618077072286613972685
0.0
-0.00000000000000000000000000000000000000000000000039151024202746394914726939627480652631138844395398986910530493372084993925201542316009569703080842911345342453891946632252871192612487406444800345315842538761902316028791498288248644507603562359495458
0.0
0.000000000000000000000000000000000000000000000000000077710610267812937676831502515841029817752359890960985445626034415157616948412269640728757448423526410998747923138231868384250744460034208715041936931157107527142770507532815824480876658454573787138035
0.0
-0.000000000000000000000000000000000000000000000000000000013822465941943252544537287234649891699321618006230056436445407237365573248636155012237309166686390796997609464919663116328762449039816497417496244037795344394035313905300147892472402890194947030891231
0.0
0.0000000000000000000000000000000000000000000000000000000000022158317022572653243500414889486734034675276686993406661803683386353482387025602937134902842194795860074566024870069912308791575968614484251337779482567476985117932480851438377439293301571225357350276
0.0
-0.00000000000000000000000000000000000000000000000000000000000000032178576474435225216904787564099150098182336038174434127070226057273037090303673331430338657026577211770181334122385622913694378602806489136504943158109089565832177342620750830990288611626280279939225
0.0
0.000000000000000000000000000000000000000000000000000000000000000000042530251046834226632987917733941809933047874409865831726689402160004367904992320744927270071359289585936465444061454762887265066665082970261331409842975220581530203352422469858979644069716980567947529
0.0
-0.0000000000000000000000000000000000000000000000000000000000000000000000051377184061065001842526981015661075506720312581969254048011195455514393588261215139552065185722413642398934440864788474745658239595658867571734045268246582205887063466446031290064545099221849482186099
0.0
0.00000000000000000000000000000000000000000000000000000000000000000000000000056946300359858659136633016145936923911778816182757244617396449148722494155955427992031062650140162192517666174163406484141334833694332307799249364688123131534732487698789202882677485969698516961820564
0.0
-0.000000000000000000000000000000000000000000000000000000000000000000000000000000058120098963464787889387631558431111892108167705730454567333018586854634082624804305397868131338879146010726039549750668634053540121890825764711515173822948996642272893467874910595274649888921100026634
0.0
0.0000000000000000000000000000000000000000000000000000000000000000000000000000000000054799069050743706378636774574995766357009655794372269453469956863581703354177851582379296977770928582273402673920516630869053787226559537086468620240705901327138229695990225815295281340600664232643267
0.0
-0.0000000000000000000000000000000000000000000000000000000000000000000000000000000000000004787602248003605078394669232976175271197949003617608476492619431875672699012278045245784086809447849217702606327343209032951463642293987850591718629455655155657152803567151590700363199801732584895772
0.0
0.000000000000000000000000000000000000000000000000000000000000000000000000000000000000000000038866606908277226999904132870174068232933821659400951073001060945424180349714731347094196700733361528492334897565853460202892672336460602080888309151268964078439834887770252173028354464469003081864893
0.0
-0.0000000000000000000000000000000000000000000000000000000000000000000000000000000000000000000000029395331616752558977437341660804554366082091392541119665054082639311730915158469972050665622315702046501911115167595112802831505144561400579258793975214529118225754154486918082530446821029359740756115
0.0
0.00000000000000000000000000000000000000000000000000000000000000000000000000000000000000000000000000020762299531290426637928233790096435915135923915375098931425756996593584373756341789216806292046623319551550217542144067254716371120389942289512502458317569668818131470784321195414629234893987267888969
0.0
-0.000000000000000000000000000000000000000000000000000000000000000000000000000000000000000000000000000000013726203912770095155489509788209815861156689397534500061450496161068518701675982467195011443143146253139623578994945106436580015903748189402719529035172959385361168661878225716666186692044104707081811
0.0
0.00000000000000000000000000000000000000000000000000000000000000000000000000000000000000000000000000000000000085118304418979321589862143115073809061967564199607227711269960747719041647675780722359786026467817717161028655184140377458447310032956732026254674139846508996174856455856215169882719465738207651711661
0.0
-0.000000000000000000000000000000000000000000000000000000000000000000000000000000000000000000000000000000000000000049608437229403010459160578249327527614212769655508453595099642244740743795264154675119136898241967867038538053559504142603259730673663335025237758828197023851138629761966163102041854803699249167532241
0.0
0.0000000000000000000000000000000000000000000000000000000000000000000000000000000000000000000000000000000000000000000027224431157310439221752074114376824835230739936143466742750040657564208609335356296045262135315420102084301615473379894834267217933492144682707894605905459332516655450176827767125514522313810769970149
0.0
-0.00000000000000000000000000000000000000000000000000000000000000000000000000000000000000000000000000000000000000000000000014092758839622764004992876917615746697643443376772496712044405604471233351073076867659238878530890685262887157152189960405655019244612345664176697230333644250768932264320595350587850245831016231886117
0.0
0.0000000000000000000000000000000000000000000000000000000000000000000000000000000000000000000000000000000000000000000000000000068926635951484286233994000322521693785582260366599039090014588589908274705212845186132564480256418764416248366871517085165663547488048593406444647734958388152468288109561793037750201617731232202903209
0.0
-0.00000000000000000000000000000000000000000000000000000000000000000000000000000000000000000000000000000000000000000000000000000000031901578735910152622927891321663594631314343068488452596213167750852442039014956286131109401038484124267923524660877216366075130178315668626428424645135164143490183714469733634146860257000216694695631
0.0
0.00000000000000000000000000000000000000000000000000000000000000000000000000000000000000000000000000000000000000000000000000000000000001399313204967578727480563628881039651768068091355176420079084020516932764410810658263884011498060017276982281311333607000091809871803245671539121159881088012483333514548490993324609225819743650281415
0.0
-0.00000000000000000000000000000000000000000000000000000000000000000000000000000000000000000000000000000000000000000000000000000000000000000058251258533771371058984886773409962380795345151554319584419441786548240878754270833833393133790723365363837210376135430397080545655987107624385746708791406577529862210012928399503603279998840688215523
0.0
0.000000000000000000000000000000000000000000000000000000000000000000000000000000000000000000000000000000000000000000000000000000000000000000000023044228862664084719969985651799114167643085358686820387679861193006667891405885469458868822773553166053849392726361842223994052061267718042299884525883317902258626516189952625065200574008081488915274
0.0
-0.00000000000000000000000000000000000000000000000000000000000000000000000000000000000000000000000000000000000000000000000000000000000000000000000000086743235681082514854822345205175114633999290654164264108460637396623364545403310667127521806869861873719032400700082639838600058548537043461826334558563589104882853311171385246440435009602817204485833
0.0
0.000000000000000000000000000000000000000000000000000000000000000000000000000000000000000000000000000000000000000000000000000000000000000000000000000000031106348201090777014885725515338042892533149470383777406866376588906993822080311415240185734571163804639892679623405517515213839154194551515631727226857620201851243961753533969121153058316621339782367
0.0
-0.0000000000000000000000000000000000000000000000000000000000000000000000000000000000000000000000000000000000000000000000000000000000000000000000000000000000010639005327844436191965433697082727413418660979334983275557819325542062775793625538247875406499186163410563373972949116053856714410246260873658661948905697808827320801320389087665805887734408828279213
0.0
0.000000000000000000000000000000000000000000000000000000000000000000000000000000000000000000000000000000000000000000000000000000000000000000000000000000000000000034742987169460503788699780078621782897665737810340782489191342203024309812008167706587605032594352316345814403121270272143704233050076786722012345734089475655302716978452397422200836379641475019120162
0.0
-0.0000000000000000000000000000000000000000000000000000000000000000000000000000000000000000000000000000000000000000000000000000000000000000000000000000000000000000000010844298447940054336900734282590123256057597225002787879194829758685171668532994020441880653197866953398168983256668815201366303224884867250123870115114815657324305172040253171572406639955053799098799
0.0
0.000000000000000000000000000000000000000000000000000000000000000000000000000000000000000000000000000000000000000000000000000000000000000000000000000000000000000000000000032384553223981814494353234713851214498675655792541010319215468312500553108211713833531390462930927159218491536006363338121847248608652819461046277736668196120286129967936460933639030855067628479265082
0.0
-0.00000000000000000000000000000000000000000000000000000000000000000000000000000000000000000000000000000000000000000000000000000000000000000000000000000000000000000000000000000092617210291360455733790508477529260346838644820103003532907853707781662681803469380904053260500315772274237531365728698368152669161433848360856469017394199241113775063603661187328896931236858865659141
0.0
0.000000000000000000000000000000000000000000000000000000000000000000000000000000000000000000000000000000000000000000000000000000000000000000000000000000000000000000000000000000000025389867319074089937973688964371953464858197929817216315433466848565950420843902174519775828965512268261934447301996478679217841931618625102831387384603765102656879154947292922427705093704386748872505
0.0
-0.00000000000000000000000000000000000000000000000000000000000000000000000000000000000000000000000000000000000000000000000000000000000000000000000000000000000000000000000000000000000000066776744635594197966653422653047675350207804056136453885669778334463797802452614437320171407486001917639111682225450743725423372988052518928235512189104464751477998045920129879646924669017577032423938
0.0
0.000000000000000000000000000000000000000000000000000000000000000000000000000000000000000000000000000000000000000000000000000000000000000000000000000000000000000000000000000000000000000000016863657579286352845928987758802331884319762768706134202826166643508097944188733831553131931219867051427765396999757651893450705989197409067736848696924095007476366389605022297498647945427431230859363
