0.0
0.903506036819270367754697142561967187670757920541346514007963363832430028850303713292063662367608819532331920243671755586195455482910706274360694186936
0.0
-0.0630460678197876138158587332971298104550516097409988257138267021425167887498662210050219466683770831539597345160537488849823835403666107873466486360432
0.0
0.00101817274472383979923502899949663042088000592560192007544782138805002532533999934745598320225385745120021161045105765044347673147071907221237933590749
0.0
-0.0000071852012981092328654313647857030696985341610859348704164498875124126548663337230431359822507540987366185010482555005304244783721221179664126516581931
0.0
0.0000000283361535485477674449704126124281633928188454878983334370139194506699450422949587025823165727030496297993287475082854252818556587490634612136296379516
0.0
-0.0000000000712896926601718407925224021829299744639083286508884430749655901537984936738716238815495199071122468109099751784363387145806678767436659942706320606732
0.0
0.000000000000124325217297462250474861876989795838145274118654933798990585142278573075152109154864548831454152896713097321299696035152984979526331522847865354583232
0.0
-0.000000000000000159113269578756631622893754291695647087713653927167745364715125731921785264963490503772679050816864153647404761601601014851568379074265065937298704641
0.0
0.000000000000000000155791212633238065865876352281031536108277742239034349225751167575167703514972973624772464053350492382517340337514917647279683446329631540847290054188
0.0
-0.000000000000000000000120460952178042407399936120536905436748622151354185240075813547747252808326016628116568955692605436713700458052230223082288735584630556510359897459754
0.0
0.0000000000000000000000000754169508354678527729434178112244949746575106977458388157874878653645135218937545231851431838182335914118919120325833257700750716483338121627055961039
0.0
-0.0000000000000000000000000000390105589008604723233516335231178590813118989787980519937358374933682884484334062851353563168326888188259586490251150603356851939731983170809385207257
0.0
0.0000000000000000000000000000000169520754685990036281045648591095215604975833296291430374521072843032566215967825699116473731215030791689245894682057249915153562292670691473689538705
0.0
-0.00000000000000000000000000000000000627573338447243921719382654998693471158085353544038930884845158807413567430155905787619832343070708395726822566990649218925146307799061086347268896193
0.0
0.00000000000000000000000000000000000000200298110744904891191388680787195071443002302950543829467783024680877753912901717065636338695757827889769531789675318354036360503975644718170683754279
0.0
-0.000000000000000000000000000000000000000000556819133303210604907858176861884332825741268967312382717727188470532444390848073154701315162766987342784885710006192570289059398351917602463087048345
0.0
0.00000000000000000000000000000000000000000000013603603700670565384813886458596678102463865839005336873657431072018676580285801469188563399192245302674042754387487985256075493907389971510862280543
0.0
-0.0000000000000000000000000000000000000000000000000294376115007116970940098362650415722125789225449250043149823363000082167794983034347569318313811563304922982610798037696305061927058930614211856769205
0.0
0.00000000000000000000000000000000000000000000000000000568166896050072373621114331867705734204159360257734898696548731320362135139017563087681598168977656512343972059548052827800997305007009289770626383039
0.0
-0.000000000000000000000000000000000000000000000000000000000984154389745382292080135190207475284685594642491034746274002791541010379172221666513015945406159004567476423446239513698142289996076783977258909568712
0.0
0.000000000000000000000000000000000000000000000000000000000000153842846588947577591196208792994937726328433417908331582868285173180587402298967951022633927266396704681088372300255413173131951328599477333121967364
0.0
-0.0000000000000000000000000000000000000000000000000000000000000000218119818661612250287733227029978476959166550349147907702474875567743638582342231181009703115384529438284801033753390844657086984150203415112166776981
0.0
0.0000000000000000000000000000000000000000000000000000000000000000000028176745365078391455570909099303588971018929626921712408201720986267954822312666822091763992858249000698314256642301059731680028993166376067855880335
0.0
-0.000000000000000000000000000000000000000000000000000000000000000000000000333014226536611212435169483451014333001073634856886526573132970473887173193797617413625589964243492217948292854776883318516824689208507778094721060192
0.0
0.0000000000000000000000000000000000000000000000000000000000000000000000000000361456567031212304472742821953898972045669838306888965449095019041926274623039967747336218483337301353096247187776842838805944868809076591203673060781
0.0
-0.00000000000000000000000000000000000000000000000000000000000000000000000000000000361560906154289438002878045097196302955791029475607649233621624939870443285148309718863611530059670169971198516106643630370895098620407811879783787334
0.0
0.000000000000000000000000000000000000000000000000000000000000000000000000000000000000334372725006741875198569215847998786005439459393535114437375589370337667024261955540643063755949185220594194607750691060121265493446726240168446821176
0.0
-0.0000000000000000000000000000000000000000000000000000000000000000000000000000000000000000286741859199473682620087042064834220945669433417458511363556067845829532871248143912359393608943913125906713285348345199059875216672902656532817031315
0.0
0.00000000000000000000000000000000000000000000000000000000000000000000000000000000000000000000228641667879610423487453855034195898516132737002691611699902254363945527274245070715895599336506086497418561926415781420870147616248584818027323502466
0.0
-0.000000000000000000000000000000000000000000000000000000000000000000000000000000000000000000000000169954644648937750246273837540281927608172255573142741999602856654489550907001450815984872631063886017106950548418429224948147341905536382750757899006
0.0
0.0000000000000000000000000000000000000000000000000000000000000000000000000000000000000000000000000000118047865587218914927776874148883719055426674665250730633932462432216938724921968540529668766971730110415700792853172016733207358724168700920577381621
0.0
-0.000000000000000000000000000000000000000000000000000000000000000000000000000000000000000000000000000000000767886240167350067916104760607965956185229286631707851990576429600097158370167725979475813904395028003405054043388647339074219239113042712931727564123
0.0
0.000000000000000000000000000000000000000000000000000000000000000000000000000000000000000000000000000000000000046876381977568641080166767968847714090992443169289173081941017532081626730974537152905223512672707579268798521265630615301116790078042811530731806968
0.0
-0.00000000000000000000000000000000000000000000000000000000000000000000000000000000000000000000000000000000000000000269078390572249662644400804634250630171904614628574581938055855236217309321605430245283579190893699739235064982918493927032618934593571783208984325727
0.0
0.000000000000000000000000000000000000000000000000000000000000000000000000000000000000000000000000000000000000000000000145502164568757185976325364961642316750149438348716894065681657165388793593961457431848616518783140811313790133838108285179222298125109041657228373723
0.0
-0.00000000000000000000000000000000000000000000000000000000000000000000000000000000000000000000000000000000000000000000000000742468492327151720851234160068067916472126609246624696938913080932260823901447081382751738060975249121857878904489484534658856851868883100784029112939
0.0
0.000000000000000000000000000000000000000000000000000000000000000000000000000000000000000000000000000000000000000000000000000000358108141485387894270747622928125206980532252603498774994766343081659047052044207744505956023944155469480154458996696637638753170930694671817883266113
0.0
-0.0000000000000000000000000000000000000000000000000000000000000000000000000000000000000000000000000000000000000000000000000000000000163511647730614933719278626737743462248407084742480332729691113548229461793039920178138000409942330945044408230265712911745330171839365102620401337782
0.0
0.000000000000000000000000000000000000000000000000000000000000000000000000000000000000000000000000000000000000000000000000000000000000000707809648927835702293947732489207360805389859738045495214984949363812000321853633282217576173494043362951740774111876686612559395596805169106519242613
0.0
-0.0000000000000000000000000000000000000000000000000000000000000000000000000000000000000000000000000000000000000000000000000000000000000000000290883771792960155806665729176251495701568744857438657691960566386452945484017301894382124606302806554200892456959138490855841903544849363905218991763
0.0
0.00000000000000000000000000000000000000000000000000000000000000000000000000000000000000000000000000000000000000000000000000000000000000000000000113639467819616957957137435504674104902673271817386050278342241582945604711463992714069126779744099900744283040948814054193085939876728741854217110052
0.0
-0.0000000000000000000000000000000000000000000000000000000000000000000000000000000000000000000000000000000000000000000000000000000000000000000000000000422555743258488868516661903442701787000883321503550875711238222529360091739529162818033342505147460946774799968270205803261004290748716252010857900697
0.0
0.0
0.0
0.0
0.0
0.0
0.0
0.0
0.0
0.0
0.0
0.0
0.0
0.0
0.0
0.0
0.0
