0.0
0.88010117148986703191936440743782982625474460398553050227351634356027644495603109586159318476239650832521282729583996741209782341693446320561534900448655963668094706714741642626256852167822422646723282
0.0
-0.039126707965336811837810643243503016509017909856111581022234011967703816970038149693707492545450486477055712450051162252005749076870213459605033474325573451793157259514037602891930438090429640105912179
0.0
0.00049951546042246886275013108197609039631673555396014145349785142611887373965454449365079502047887481708140566062236651606306162529067927099580833567768605733018254383685927761173267071288535183158236268
0.0
-0.0000030046516348736164244372669360968036895628061492492526465246174119389543517534634071760880920612914815964480513222594011173563494941525999292306397515586067130115599087150406931516283843800520594339298
0.0
0.000000010498500359823750086061533337622764107957803395731982488291487969895099291730389639499768419855645338437213278812496931823750298131656568344241347414714474170663952797204671716674690442431064535547979
0.0
-0.000000000023960134926062741929881413539247668396478261550927030508056306278831924717634560932037126742767830352986342346525963251232288909387413614042348165844743290579227306170440200835025304648263657435976086
0.0
0.000000000000038512335289603457807233789107113318905848599053655186220277535706866455784570665399137520550793475562871228355159309437150797914196250377048703508653181760974227771851539046676653139753857619508597639
0.0
-0.000000000000000045950630644206888876131124137509937136337029853738819087341929990319727220214830669133221795600899967176839508306694283758435462515625111103211900589164695133870061857071941215181699549815962978870009
0.0
0.000000000000000000042307511361065226982069299653893192998962868184602629622132880303533567873777634012533308032825278697437417415667913418066085323336222486817746413599011253798562764998919224025352959100820179148046521
0.0
-0.000000000000000000000030969568824233068410859902065917228595977605166596283941881770385123030362056289261232557374945357399957924200638471258109121368601089320510953481593709515058893848492988898731239500346284276086971464
0.0
0.00000000000000000000000001845524396419334045839817370331778015359276061541207978468842555989314162527470720955231952671849455870536033574181865042034413959325807459734017257191488013491928101170155316857623064468710592036365
0.0
-0.0000000000000000000000000000091268481119002112965664453389299415111367332457384864173173714167278326638507568135019297759659605080230435046628908797418139968273371813947974172106762642674772121083811689165519379292489315257844668
0.0
0.000000000000000000000000000000003805903503782764246519029242629510882256627219590904082791653014553185647960454226517562917911155893328340293035626453359808749073761516114341280090075573016333586413405315007318961168341597371985885
0.0
-0.0000000000000000000000000000000000013563104107108222456027404801757977351146788426129919961926028114954256101613466614065268998641842869228973394372373713161349276588943519152557762127755829832523994439913592809631332179394541605517161
0.0
0.00000000000000000000000000000000000000041783199634363363464360715859018364440444451795471871224968101507874939572477765603156986901578225060594562306039361831892669256841461886517367928886680002326526889924687725070269086922179384905205712
0.0
-0.00000000000000000000000000000000000000000011237896654431362635401983327164118752746702349109001258091200019105821063776680464244890637574361701720536179284463111949751863774538106964732711537028737705192790598551671050990338221805453066180513
0.0
0.000000000000000000000000000000000000000000000026617102344258438088270248286290024898212396957495398515873724770735577796324635005808939734869426653248549091170997387009746738173964731609626281693414521624916614207469135383135272341458180602664245
0.0
-0.0000000000000000000000000000000000000000000000000055941136091104537440706603968188909620172313759125832870107222822180728124137690775676632255465264662837774755263229222056728025267047728379531213585027819745726704372197127245612768078785011213978805
0.0
0.0000000000000000000000000000000000000000000000000000010503301720777686612077843216631848609385362366076650743521956732756078719143365648073107399674353081323749396297723179932510744176901895298981004521461511114344065543614382672382609405527360694572762
0.0
-0.00000000000000000000000000000000000000000000000000000000017723950991853217704950817020690820990673186581921481765527676417569498201121612272475670073039243944337970412207884773487170933586427383161437249873362527394249959900185206908756835962153930905406907
0.0
0.000000000000000000000000000000000000000000000000000000000000027026262049048898495148908985662370670347676732435639152702915132877084988700772322522007165927437216824076881711563598623271884642042396224151112256182241146695664391214750760011702105130010665764444
0.0
-0.0000000000000000000000000000000000000000000000000000000000000000037421894766906870511125681809154121254855396308855140360747552322661671543132758794773059748876410628754389512403246242313933843150549949346198121987266719561835901306969666708804031727610171789977999
0.0
0.00000000000000000000000000000000000000000000000000000000000000000000047261543072489259036857967146714862267331718267915587391215781421722132604834607629379139197642068697000783708339490268594155147210471411334537990426537893299441605664934984374949107276591163182534838
0.0
-0.000000000000000000000000000000000000000000000000000000000000000000000000054662636905426582668553876933271988509693074961263329545183973511094963657102990087607732225518540062359772561151281718504332299752159585503734010234167204627578490075216201394837049241986689345298219
0.0
0.0000000000000000000000000000000000000000000000000000000000000000000000000000058114400377301026138185668274584456145885741836252875166176716786307326142207847420879186160156424571869660455885062713477942021505122185160992226503881899978996328163374893405416198922166537690611553
0.0
-0.00000000000000000000000000000000000000000000000000000000000000000000000000000000056985861637617512019632838466557462224258694775794011563018005473079404169568845186819711824545741410655836646879551685098345580096145668804901921870773493538549605127572960865126951956185166803756545
0.0
0.000000000000000000000000000000000000000000000000000000000000000000000000000000000000051701751559426141494070914381347870313472503531486685907496650455673187761204588547570323360243149085021339977855529802699030615262935798344419872490262383487460190247527383001287008191629624184303663
0.0
-0.0000000000000000000000000000000000000000000000000000000000000000000000000000000000000000043527190127933525915133347948226154653457075834856386236394085840773881280143410841447772988876865298481704815065243389728028043086238280467946223622645715320137962581136485915979396601982098125201596
0.0
0.00000000000000000000000000000000000000000000000000000000000000000000000000000000000000000000034096093369683247592808663688017674288044236726789653671024181012007115370882672977273159444996134297102620006618062147071885770424764142409740797874001934923932106665232635086202660989232020069192717
0.0
-0.00000000000000000000000000000000000000000000000000000000000000000000000000000000000000000000000002491305749720821018652638515608776610989288558045140438554849594492490701152190305612676890080076839730078860639027997860812625974792656503302128460622570327580659678603103465440497570690898596074748
0.0
0.0000000000000000000000000000000000000000000000000000000000000000000000000000000000000000000000000000017019403403017789874953920279569882702231179987143321624124509873942369857070909333986496551795850690036270500061190835152433779142506448676793647888401181737369643172257074255063006261931441291519357
0.0
-0.00000000000000000000000000000000000000000000000000000000000000000000000000000000000000000000000000000000010894488171281178530718578102889656031148657994584520741053657825933330073089253353176377016667662114182054003467481981860049281483882419862503647183821666371133696643579681045025531601512727225056252
0.0
0.000000000000000000000000000000000000000000000000000000000000000000000000000000000000000000000000000000000000006547943481746327837762158397915287831902229652044059888971497747072578132465792856755946012296126954883384466318842730486473533535612388289006563914046394955974245763733615422205517108254555879909427
0.0
-0.00000000000000000000000000000000000000000000000000000000000000000000000000000000000000000000000000000000000000000037023253486954284703793099594581317385594248305598558165502923320004850907556035978169004681534062186137050963470868968642105817008093348931942346987303096795938305470612299880385466143112080779146581
0.0
0.000000000000000000000000000000000000000000000000000000000000000000000000000000000000000000000000000000000000000000000019728869879126377897212009711643903195580075565566046371319742824728011400485843208275838078161340279927465351155962470836619038148074562644699474933922478771918523644592514591162143042113899406692468
0.0
-0.00000000000000000000000000000000000000000000000000000000000000000000000000000000000000000000000000000000000000000000000000099249634549170977801797301814218112074516191544902554242502153171529101646619144365016037311853250851736271196491875462248063877607285188814690937136457989762339428226584861682247270248340915368127464
0.0
0.000000000000000000000000000000000000000000000000000000000000000000000000000000000000000000000000000000000000000000000000000000047212209663943751540586502131269767222633830000620471188543979388139287636140158363855406142758977956741313901606419460364459588479657552762971488180628025288826022710720819974695001516695244418420645
0.00000000000000000000000000000000000000000000000000000000000000000000000000000000000000000000000000000000000000000000000000000000000000000000000000000000000000000000000000000000000000000000000000000001477392005104279149104180488104599742902220667347974933912036465128549086485877676242559092517051753818183042382096937731624434447677496283972073262022111216102748696080868971527281517267815311536185
-0.000000000000000000000000000000000000000000000000000000000000000000000000000000000000000000000000000000000000000000000000000000000002126865203274341346777024792352831711397740742438653851508883122324864627182574393767368768375334771823964679228924160767122949039877348288897272902076332340769034376333817812700808643401798567847148
0.0
0.000000000000000000000000000000000000000000000000000000000000000000000000000000000000000000000000000000000000000000000000000000000000000090868276378318993431923546348559289722756421214307011324588859753865502465663208818242342911225741232880752381211473938616427427985314872472875465518724308106802738704102228124904953224278875801676239
0.0
-0.0000000000000000000000000000000000000000000000000000000000000000000000000000000000000000000000000000000000000000000000000000000000000000000036869343643454200928770179602515912843172221177272271054720219645147067494749283628903387204790939242043715430730890230013542928044304576500993993691095603728939602365323276336393917159087844899658907
0.0
0.00000000000000000000000000000000000000000000000000000000000000000000000000000000000000000000000000000000000000000000000000000000000000000000000014225368083346231817974403626698250567153966266415655575214195502000099976758265739577210019473178047199390038498050536586832409926662798606163597246764633363337799093993108174284370982468745358153578
0.0
-0.0000000000000000000000000000000000000000000000000000000000000000000000000000000000000000000000000000000000000000000000000000000000000000000000000000052256835130061821646098695046823282191740086728380173652739990241595796435230544386012970663865045738925238622525940167620629087458604952287426849278641669027855267542204789602645420426455339869723911
0.0
0.0000000000000000000000000000000000000000000000000000000000000000000000000000000000000000000000000000000000000000000000000000000000000000000000000000000001829847770683738909323818944629867715604381843482152907594007861983733473771578504233847605993017732943768365790113119409827827063508638399169625180619758463489293920726704391831933887861588597944225
0.0
-0.0000000000000000000000000000000000000000000000000000000000000000000000000000000000000000000000000000000000000000000000000000000000000000000000000000000000000061145705504115694235651268361399503627859842807841480536927737244977309040739812682610808531783744335963814154169565169366863120822975709186169011867536286223429620091478229650377996177629036937046409
0.0
0.00000000000000000000000000000000000000000000000000000000000000000000000000000000000000000000000000000000000000000000000000000000000000000000000000000000000000000019519141347924324603445769748342720176281853231052261608432506718782596884926238662049779683425047572126351739534865065270383108829369909392598854178117724945940580249821130499431408352752434957654699
0.0
-0.0000000000000000000000000000000000000000000000000000000000000000000000000000000000000000000000000000000000000000000000000000000000000000000000000000000000000000000000059585836777320297555196031950204501288020654261506713917340141322290461190756044001650130123079982875691283764691517663129461766491197198141377115458598152975619143681510310771522697052830817990555697
0.0
0.00000000000000000000000000000000000000000000000000000000000000000000000000000000000000000000000000000000000000000000000000000000000000000000000000000000000000000000000000017411548062411144139199232592240756176156225311017175988762400691095005498361275185254267917726797980250959090714272885043109677909908562952403419652038745567394550870587986085893245381090229670483923
0.0
-0.0000000000000000000000000000000000000000000000000000000000000000000000000000000000000000000000000000000000000000000000000000000000000000000000000000000000000000000000000000000048747236462153875338307373121279198477447473921098857318792613199058255306670950518358687822801370496845094448396392834953125818626570963924301256395215494453905152760681388614084251739138209201502756
0.0
0.00000000000000000000000000000000000000000000000000000000000000000000000000000000000000000000000000000000000000000000000000000000000000000000000000000000000000000000000000000000000013087904683773425712904321563573900201133992060944999213793106552271989539234112635979609474646124915445932331179546226093357290825790433375462425470431372071415781386156557237780823507570586567030401
0.0
-0.0000000000000000000000000000000000000000000000000000000000000000000000000000000000000000000000000000000000000000000000000000000000000000000000000000000000000000000000000000000000000000033726480303712906254449937022405069930080002815805073821411305246623429367755241050742241835408760426199484248976091110384174243525494725199717084936727997250404861104612111038712841489804321170296588
0.0
